Animal,Sex,Phe
80001,1,9.750822067261
80002,2,5.486477851868
80003,1,7.22000837326
80004,2,7.20512008667
80005,1,7.912269592285
80006,2,5.77165555954
80007,1,9.944196224213
80008,2,6.120407581329
80009,1,9.147550582886
80010,2,5.836996793747
80011,1,10.62214756012
80012,2,6.779530525208
80013,1,8.392190217972
80014,2,8.225741386414
80015,1,9.338013648987
80016,2,6.584896564484
80017,1,8.718120098114
80018,2,5.364268541336
80019,1,6.564792633057
80020,2,5.323278665543
80021,1,10.315836906433
80022,2,6.760947227478
80023,1,10.105650901794
80024,2,4.290780544281
80025,1,8.418494701385
80026,2,5.469703435898
80027,1,8.55487203598
80028,2,3.658035993576
80029,1,10.347400665283
80030,2,6.330676317215
80031,1,8.389277935028
80032,2,6.554780960083
80033,1,9.757363319397
80034,2,7.5532746315
80035,1,7.774845123291
80036,2,6.74282169342
80037,1,8.332047462463
80038,2,5.088408708572
80039,1,7.242402076721
80040,2,4.418803930283
80041,1,11.094118118286
80042,2,5.982045888901
80043,1,8.534403324127
80044,2,5.617983341217
80045,1,8.894689798355
80046,2,7.136183261871
80047,1,6.861086010933
80048,2,4.806173324585
80049,1,7.518562078476
80050,2,7.671781539917
80051,1,6.875691890717
80052,2,5.262113332748
80053,1,8.304175615311
80054,2,4.722365856171
80055,1,11.426965713501
80056,2,5.978452205658
80057,1,8.125690221786
80058,2,8.505949497223
80059,1,8.488049983978
80060,2,4.688018798828
80061,1,8.575400352478
80062,2,4.908881902695
80063,1,10.022470474243
80064,2,4.440789341927
80065,1,6.130162596703
80066,2,6.474003314972
80067,1,8.419122695923
80068,2,5.422720909119
80069,1,9.301208496094
80070,2,4.011382222176
80071,1,7.687210798264
80072,2,7.615372180939
80073,1,7.229145765305
80074,2,6.444280147552
80075,1,7.840116500854
80076,2,4.717455387115
80077,1,8.718253135681
80078,2,6.089678525925
80079,1,8.082975387573
80080,2,5.332468748093
80081,1,8.166617393494
80082,2,7.957346916199
80083,1,7.998938083649
80084,2,6.81552028656
80085,1,8.510279893875
80086,2,8.035674095154
80087,1,8.697630167007
80088,2,4.279897451401
80089,1,9.981722354889
80090,2,7.307524681091
80091,1,6.452400445938
80092,2,4.083026409149
80093,1,8.402965784073
80094,2,7.472557067871
80095,1,9.680495738983
80096,2,6.291311264038
80097,1,6.152994990349
80098,2,5.488473892212
80099,1,9.936282157898
80100,2,5.155798912048
80101,1,6.446902513504
80102,2,6.189945936203
80103,1,9.430561065674
80104,2,5.940104484558
80105,1,6.368439793587
80106,2,5.274273633957
80107,1,7.410619258881
80108,2,5.668860673904
80109,1,6.737603545189
80110,2,5.788925170898
80111,1,6.232751846313
80112,2,5.559189558029
80113,1,7.706261634827
80114,2,5.625588417053
80115,1,8.877074718475
80116,2,4.156912446022
80117,1,7.318635463715
80118,2,3.264276623726
80119,1,7.534801721573
80120,2,5.961699724197
80121,1,8.328847169876
80122,2,4.872172355652
80123,1,9.44701385498
80124,2,5.893503665924
80125,1,8.230563163757
80126,2,6.185355424881
80127,1,9.328838348389
80128,2,7.221541881561
80129,1,8.040672063828
80130,2,6.45245552063
80131,1,8.01541018486
80132,2,6.206245183945
80133,1,8.773391723633
80134,2,3.11305308342
80135,1,11.971716880798
80136,2,4.054847955704
80137,1,9.572254180908
80138,2,6.045007944107
80139,1,6.96783554554
80140,2,3.531788706779
80141,1,7.775311231613
80142,2,6.372962474823
80143,1,8.198074817657
80144,2,3.345964670181
80145,1,9.773818016052
80146,2,4.919816970825
80147,1,8.847113370895
80148,2,6.826221466064
80149,1,10.916797637939
80150,2,4.097881436348
80151,1,8.570601940155
80152,2,6.440000534058
80153,1,8.965849399567
80154,2,4.952198028564
80155,1,9.283925533295
80156,2,7.393332958221
80157,1,8.239919424057
80158,2,5.483926057816
80159,1,9.634520053864
80160,2,5.496236801147
80161,1,6.733172893524
80162,2,5.140690326691
80163,1,7.48606300354
80164,2,6.235106468201
80165,1,8.051442861557
80166,2,6.543606281281
80167,1,9.5569190979
80168,2,4.973274707794
80169,1,8.576279401779
80170,2,7.702926158905
80171,1,6.826881289482
80172,2,4.863713026047
80173,1,6.533981323242
80174,2,5.783540248871
80175,1,9.639061450958
80176,2,6.311695098877
80177,1,7.343881130219
80178,2,5.244682073593
80179,1,9.205137252808
80180,2,7.629953861237
80181,1,9.687017917633
80182,2,6.625462532043
80183,1,8.596145391464
80184,2,6.692005634308
80185,1,9.011361122131
80186,2,7.4309425354
80187,1,7.685327529907
80188,2,4.77441740036
80189,1,8.440938711166
80190,2,5.23695230484
80191,1,9.341226100922
80192,2,4.576576709747
80193,1,9.523313045502
80194,2,5.163284778595
80195,1,7.928572416306
80196,2,5.865492343903
80197,1,9.621477127075
80198,2,5.803245544434
80199,1,10.857328414917
80200,2,5.702728033066
80201,1,6.337813138962
80202,2,4.641073942184
80203,1,9.933285713196
80204,2,5.610100984573
80205,1,8.202896356583
80206,2,6.813344955444
80207,1,8.655612945557
80208,2,7.828834533691
80209,1,8.153282880783
80210,2,5.252112627029
80211,1,5.915981173515
80212,2,3.698688626289
80213,1,9.640991687775
80214,2,5.241639375687
80215,1,8.10014629364
80216,2,7.629825592041
80217,1,5.540336847305
80218,2,4.011061906815
80219,1,9.233568191528
80220,2,6.179972648621
80221,1,7.470681190491
80222,2,4.401338815689
80223,1,9.945645332336
80224,2,7.158913612366
80225,1,10.485353946686
80226,2,3.143977642059
80227,1,6.191828966141
80228,2,4.0610435009
80229,1,8.98952293396
80230,2,6.737074375153
80231,1,7.498895168304
80232,2,4.469558000565
80233,1,6.179270505905
80234,2,5.840607643127
80235,1,8.427096843719
80236,2,7.967737674713
80237,1,6.303146123886
80238,2,4.917660713196
80239,1,8.880736112595
80240,2,5.674762010574
80241,1,9.92683172226
80242,2,4.165752887726
80243,1,7.973452091217
80244,2,6.067400217056
80245,1,8.996056079865
80246,2,5.800491571426
80247,1,9.708959102631
80248,2,7.889034748077
80249,1,9.815232753754
80250,2,4.822162628174
80251,1,9.137553215027
80252,2,7.002866744995
80253,1,6.813019394875
80254,2,8.682832717896
80255,1,8.989162683487
80256,2,6.138319730759
80257,1,7.956606626511
80258,2,5.802600383759
80259,1,8.65590763092
80260,2,4.117847204208
80261,1,9.880193710327
80262,2,6.046172857285
80263,1,7.925384998322
80264,2,1.911852121353
80265,1,10.770195007324
80266,2,6.096903800964
80267,1,5.486634135246
80268,2,6.444204330444
80269,1,5.280273795128
80270,2,6.632155895233
80271,1,8.22988820076
80272,2,3.30864906311
80273,1,9.044887065887
80274,2,5.946791887283
80275,1,7.573220968246
80276,2,3.895308017731
80277,1,6.135506629944
80278,2,4.103649139404
80279,1,4.953825950623
80280,2,6.240606069565
80281,1,8.172557830811
80282,2,6.837698936462
80283,1,7.291661977768
80284,2,8.028095245361
80285,1,8.205869913101
80286,2,5.035400390625
80287,1,9.862565517426
80288,2,6.675406455994
80289,1,8.872096538544
80290,2,5.924546957016
80291,1,6.626386761665
80292,2,5.237599849701
80293,1,7.798773765564
80294,2,5.23242354393
80295,1,7.354236602783
80296,2,5.466569662094
80297,1,10.066641807556
80298,2,4.933207273483
80299,1,9.751916408539
80300,2,5.655960083008
80301,1,8.529236793518
80302,2,5.675230026245
80303,1,8.642777442932
80304,2,5.667021989822
80305,1,7.114627361298
80306,2,5.024550676346
80307,1,8.614734172821
80308,2,7.153909683228
80309,1,9.433109760284
80310,2,6.265873432159
80311,1,8.676327228546
80312,2,7.689061641693
80313,1,10.19976234436
80314,2,6.539897441864
80315,1,9.451652050018
80316,2,7.030715465546
80317,1,9.450088024139
80318,2,6.310250759125
80319,1,7.920579433441
80320,2,2.683706521988
80321,1,6.853623151779
80322,2,4.259908080101
80323,1,8.847464323044
80324,2,6.309131860733
80325,1,7.913638353348
80326,2,4.536594390869
80327,1,6.469249486923
80328,2,3.542813062668
80329,1,7.642260313034
80330,2,6.503161430359
80331,1,7.977519989014
80332,2,6.367017507553
80333,1,5.94372856617
80334,2,5.406258106232
80335,1,7.536319494247
80336,2,4.586113452911
80337,1,7.97861456871
80338,2,5.005903244019
80339,1,7.659098625183
80340,2,4.965437173843
80341,1,8.058612346649
80342,2,8.087556838989
80343,1,8.602775096893
80344,2,5.886147260666
80345,1,8.129444122314
80346,2,6.516208171844
80347,1,6.713388204575
80348,2,4.888401269913
80349,1,8.319118738174
80350,2,7.140960693359
80351,1,7.540963172913
80352,2,6.010061979294
80353,1,8.225168466568
80354,2,3.423054933548
80355,1,7.452409982681
80356,2,5.95717716217
80357,1,6.629303693771
80358,2,4.608896970749
80359,1,7.132902145386
80360,2,2.070042133331
80361,1,8.819443941116
80362,2,6.706302165985
80363,1,7.958179473877
80364,2,5.416307687759
80365,1,7.7882771492
80366,2,3.003485679626
80367,1,7.223041534424
80368,2,8.000902175903
80369,1,10.150938034058
80370,2,6.636177062988
80371,1,10.683692932129
80372,2,6.984817504883
80373,1,7.981547355652
80374,2,5.607397079468
80375,1,9.833757400513
80376,2,3.212458133698
80377,1,7.560488939285
80378,2,6.332033395767
80379,1,7.884675502777
80380,2,6.891631126404
80381,1,7.885877609253
80382,2,5.086174488068
80383,1,8.808671951294
80384,2,5.238445281982
80385,1,7.506193161011
80386,2,5.477852344513
80387,1,8.684693574905
80388,2,6.465351104736
80389,1,8.05554151535
80390,2,5.774710178375
80391,1,6.747148156166
80392,2,7.03185749054
80393,1,7.288325309753
80394,2,3.324796915054
80395,1,7.230488061905
80396,2,5.608393669128
80397,1,8.870955705643
80398,2,7.529810905457
80399,1,7.342493772507
80400,2,5.350917339325
80401,1,8.779368877411
80402,2,6.653201580048
80403,1,8.270625352859
80404,2,3.712141275406
80405,1,8.523758172989
80406,2,4.760440349579
80407,1,5.80185854435
80408,2,6.5341796875
80409,1,7.966380834579
80410,2,7.825033187866
80411,1,6.620280146599
80412,2,3.104661405087
80413,1,8.854062318802
80414,2,6.003955841064
80415,1,7.121724128723
80416,2,7.252923965454
80417,1,6.05278801918
80418,2,3.209088087082
80419,1,8.886915206909
80420,2,7.044679641724
80421,1,5.568507671356
80422,2,6.160151720047
80423,1,8.569670200348
80424,2,5.918478012085
80425,1,9.416356086731
80426,2,8.201372623444
80427,1,8.660803556442
80428,2,5.040374994278
80429,1,7.694427013397
80430,2,5.000823736191
80431,1,7.351784467697
80432,2,5.782027006149
80433,1,7.455478191376
80434,2,4.765876054764
80435,1,7.509689331055
80436,2,6.344464063644
80437,1,8.329471111298
80438,2,5.994988203049
80439,1,10.37625837326
80440,2,6.975082397461
80441,1,8.622272253036
80442,2,6.0756483078
80443,1,8.491688013077
80444,2,4.573537826538
80445,1,7.8821144104
80446,2,4.436367988586
80447,1,7.350546836853
80448,2,4.458906292915
80449,1,6.471031785011
80450,2,4.90966629982
80451,1,7.868757486343
80452,2,4.016035795212
80453,1,8.981938362122
80454,2,5.290835618973
80455,1,8.849933624268
80456,2,4.708555698395
80457,1,7.595139503479
80458,2,5.649616479874
80459,1,7.160679578781
80460,2,6.404718399048
80461,1,6.966735959053
80462,2,6.197645187378
80463,1,5.846063613892
80464,2,7.791693687439
80465,1,8.861662864685
80466,2,6.03006696701
80467,1,7.355710744858
80468,2,6.730752944946
80469,1,6.898500561714
80470,2,5.870928525925
80471,1,8.678577899933
80472,2,3.727780580521
80473,1,7.078848838806
80474,2,4.88441824913
80475,1,9.923087120056
80476,2,5.768965244293
80477,1,9.050321102142
80478,2,4.279251694679
80479,1,10.509174346924
80480,2,7.13431596756
80481,1,6.075430750847
80482,2,5.403138160706
80483,1,9.552072525024
80484,2,3.87074136734
80485,1,7.862250328064
80486,2,6.395750999451
80487,1,7.973690986633
80488,2,6.774452209473
80489,1,7.023983955383
80490,2,6.071781635284
80491,1,6.877014398575
80492,2,5.128211021423
80493,1,7.016478776932
80494,2,3.755373358727
80495,1,9.248712539673
80496,2,7.752781867981
80497,1,10.515083312988
80498,2,3.223474025726
80499,1,7.79069685936
80500,2,5.637367486954
80501,1,7.603900432587
80502,2,5.298181533813
80503,1,8.972761154175
80504,2,5.507817029953
80505,1,9.670699596405
80506,2,6.239977121353
80507,1,9.446241378784
80508,2,5.799675703049
80509,1,6.182103395462
80510,2,5.561009407043
80511,1,7.938705921173
80512,2,5.301414966583
80513,1,10.718360900879
80514,2,4.965683937073
80515,1,8.392221450806
80516,2,4.451066017151
80517,1,7.597834825516
80518,2,6.363476276398
80519,1,9.106320381165
80520,2,5.488721132278
80521,1,7.378271102905
80522,2,6.693245410919
80523,1,8.197856903076
80524,2,7.304649829865
80525,1,9.017675876617
80526,2,5.061361312866
80527,1,8.372208833694
80528,2,5.926300525665
80529,1,9.068758964539
80530,2,3.320023536682
80531,1,11.936163902283
80532,2,4.49369931221
80533,1,4.245741486549
80534,2,5.007323265076
80535,1,8.101411819458
80536,2,5.748725891113
80537,1,7.821805953979
80538,2,3.497455000877
80539,1,7.882655382156
80540,2,4.58112859726
80541,1,9.916949272156
80542,2,5.778825521469
80543,1,8.608046770096
80544,2,6.412524461746
80545,1,9.941624641418
80546,2,4.699560642242
80547,1,9.399955749512
80548,2,5.860069513321
80549,1,9.544862270355
80550,2,5.105806827545
80551,1,8.035299777985
80552,2,7.626340389252
80553,1,9.747909545898
80554,2,5.131244421005
80555,1,11.089279174805
80556,2,8.172090530396
80557,1,11.344044208527
80558,2,7.045247554779
80559,1,8.308022737503
80560,2,7.261516094208
80561,1,6.514341115952
80562,2,6.080229759216
80563,1,9.715930461884
80564,2,6.681210041046
80565,1,8.298805475235
80566,2,6.172211170197
80567,1,6.915987372398
80568,2,4.910885810852
80569,1,8.944750547409
80570,2,6.887075424194
80571,1,10.055994033813
80572,2,7.247447967529
80573,1,8.594242334366
80574,2,7.578074455261
80575,1,7.773810386658
80576,2,4.090086579323
80577,1,6.946441888809
80578,2,3.928593754768
80579,1,7.038140773773
80580,2,3.963103294373
80581,1,7.232387542725
80582,2,3.988924860954
80583,1,8.869585990906
80584,2,5.916301250458
80585,1,9.394022464752
80586,2,5.833293914795
80587,1,8.037705898285
80588,2,5.593365192413
80589,1,8.216851711273
80590,2,7.48396730423
80591,1,6.792979836464
80592,2,5.181684017181
80593,1,8.533843755722
80594,2,6.564067363739
80595,1,7.761736631393
80596,2,4.307669878006
80597,1,7.376616239548
80598,2,5.909414768219
80599,1,8.009626865387
80600,2,4.703473806381
80601,1,8.469630479813
80602,2,5.626290082932
80603,1,9.357817649841
80604,2,4.579049348831
80605,1,6.410211801529
80606,2,5.419942378998
80607,1,8.637150764465
80608,2,4.625649452209
80609,1,7.520243644714
80610,2,7.494197845459
80611,1,8.284942388535
80612,2,4.633063793182
80613,1,8.35750579834
80614,2,5.81302690506
80615,1,9.182547569275
80616,2,4.956019878387
80617,1,8.252410411835
80618,2,6.471867799759
80619,1,7.973391771317
80620,2,6.3866751194
80621,1,8.466372728348
80622,2,6.214817762375
80623,1,9.076200008392
80624,2,7.560997009277
80625,1,7.24703669548
80626,2,5.369939088821
80627,1,9.896615505219
80628,2,6.692500114441
80629,1,8.035341024399
80630,2,3.70285820961
80631,1,9.057991027832
80632,2,6.992792129517
80633,1,6.594313263893
80634,2,7.464576244354
80635,1,6.916915178299
80636,2,5.386573791504
80637,1,7.070089578629
80638,2,5.085111618042
80639,1,9.442272663116
80640,2,6.362878322601
80641,1,8.726581335068
80642,2,4.383616685867
80643,1,6.906428813934
80644,2,6.020966529846
80645,1,10.280352592468
80646,2,6.862882614136
80647,1,9.00007724762
80648,2,4.568314313889
80649,1,9.33126449585
80650,2,5.742537260056
80651,1,7.286562204361
80652,2,7.482085227966
80653,1,7.503640174866
80654,2,5.844990491867
80655,1,10.253904819489
80656,2,5.520287513733
80657,1,7.426584005356
80658,2,6.205224752426
80659,1,5.328779459
80660,2,5.462161540985
80661,1,5.820021867752
80662,2,5.297323703766
80663,1,5.609485149384
80664,2,6.481569290161
80665,1,9.673335075378
80666,2,7.087157249451
80667,1,8.022640705109
80668,2,5.848912715912
80669,1,9.113484382629
80670,2,4.596070051193
80671,1,8.771180152893
80672,2,7.123719215393
80673,1,7.135950803757
80674,2,4.906078338623
80675,1,10.26539182663
80676,2,5.229208946228
80677,1,8.564056873322
80678,2,5.059584140778
80679,1,9.234855651855
80680,2,6.271453619003
80681,1,8.153443574905
80682,2,4.679998636246
80683,1,6.222050905228
80684,2,4.0789706707
80685,1,7.517181634903
80686,2,4.699489116669
80687,1,7.869349479675
80688,2,5.573246479034
80689,1,9.748073577881
80690,2,5.38153553009
80691,1,8.888408184052
80692,2,6.419892549515
80693,1,6.809675335884
80694,2,4.410539865494
80695,1,8.587120771408
80696,2,4.943341493607
80697,1,7.606159210205
80698,2,5.147384166718
80699,1,6.89901804924
80700,2,7.5221824646
80701,1,8.049970626831
80702,2,5.858395338058
80703,1,9.159863471985
80704,2,7.35192155838
80705,1,8.807525157928
80706,2,6.341678142548
80707,1,8.26709485054
80708,2,5.144840717316
80709,1,9.298691272736
80710,2,4.214561700821
80711,1,6.403025388718
80712,2,4.222862362862
80713,1,6.969546914101
80714,2,6.754223823547
80715,1,6.831484436989
80716,2,3.676869153976
80717,1,8.523426294327
80718,2,6.822164058685
80719,1,7.292089939117
80720,2,3.575619697571
80721,1,7.077726364136
80722,2,4.15775680542
80723,1,7.98699593544
80724,2,5.082200288773
80725,1,8.21729183197
80726,2,2.910596847534
80727,1,8.90228509903
80728,2,6.013767957687
80729,1,10.132247447968
80730,2,5.473277568817
80731,1,7.84715795517
80732,2,3.841437458992
80733,1,10.937256813049
80734,2,6.302919626236
80735,1,7.726143360138
80736,2,6.150685310364
80737,1,8.035053253174
80738,2,5.616559505463
80739,1,7.968177080154
80740,2,4.363734483719
80741,1,7.343373298645
80742,2,5.172920227051
80743,1,8.570481538773
80744,2,4.72812795639
80745,1,8.781410217285
80746,2,2.174781084061
80747,1,8.566326618195
80748,2,5.5099568367
80749,1,6.477376461029
80750,2,6.685591697693
80751,1,6.841362953186
80752,2,7.806014537811
80753,1,6.838670015335
80754,2,4.773440599442
80755,1,6.347914934158
80756,2,7.427771091461
80757,1,5.787170529366
80758,2,5.00455737114
80759,1,9.866907119751
80760,2,7.428690433502
80761,1,10.008224487305
80762,2,4.281894683838
80763,1,6.910335540771
80764,2,6.902488231659
80765,1,9.8598279953
80766,2,4.51456451416
80767,1,10.041731357574
80768,2,5.567175149918
80769,1,8.630019664764
80770,2,7.398818969727
80771,1,9.142809391022
80772,2,6.84126996994
80773,1,6.909909009933
80774,2,3.572612404823
80775,1,6.974414587021
80776,2,5.77525639534
80777,1,7.566069126129
80778,2,2.530975341797
80779,1,7.991807699203
80780,2,3.820557832718
80781,1,6.541509747505
80782,2,6.455415964127
80783,1,10.578593254089
80784,2,6.279520511627
80785,1,6.623550653458
80786,2,2.077470064163
80787,1,8.120693683624
80788,2,5.700963020325
80789,1,5.76795810461
80790,2,5.083368778229
80791,1,9.778791427612
80792,2,4.741258144379
80793,1,7.234825849533
80794,2,6.669294834137
80795,1,9.042235851288
80796,2,6.961219787598
80797,1,8.946768522263
80798,2,7.449766159058
80799,1,7.95968580246
80800,2,4.280423879623
80801,1,7.241529464722
80802,2,5.232771396637
80803,1,9.093782901764
80804,2,6.470103025436
80805,1,8.881641864777
80806,2,5.799528598785
80807,1,9.031048774719
80808,2,5.593635320663
80809,1,8.314923763275
80810,2,4.303568005562
80811,1,8.548851251602
80812,2,5.93843460083
80813,1,6.931935787201
80814,2,4.563496112823
80815,1,9.222561836243
80816,2,5.791842937469
80817,1,8.618584156036
80818,2,6.403777599335
80819,1,8.15394282341
80820,2,5.38289308548
80821,1,9.797831535339
80822,2,6.737333297729
80823,1,8.5447742939
80824,2,7.402723789215
80825,1,8.445531606674
80826,2,5.983338356018
80827,1,10.149587631226
80828,2,8.425024032593
80829,1,9.884358406067
80830,2,3.573575854301
80831,1,7.942297697067
80832,2,6.810661792755
80833,1,8.214916944504
80834,2,6.399459838867
80835,1,7.337508440018
80836,2,6.918195724487
80837,1,8.843010187149
80838,2,5.273933649063
80839,1,10.444714546204
80840,2,3.657922744751
80841,1,9.675037384033
80842,2,4.64430809021
80843,1,6.835626244545
80844,2,7.689999580383
80845,1,9.846845626831
80846,2,6.306230306625
80847,1,7.178360462189
80848,2,5.397305488586
80849,1,6.440300822258
80850,2,5.331106901169
80851,1,9.865596294403
80852,2,4.920186042786
80853,1,9.728026390076
80854,2,5.712517976761
80855,1,7.814455270767
80856,2,7.885891914368
80857,1,6.820539355278
80858,2,7.483890533447
80859,1,7.080234050751
80860,2,5.524155855179
80861,1,7.730166196823
80862,2,7.591879844666
80863,1,9.15981388092
80864,2,4.870051145554
80865,1,8.594637870789
80866,2,5.809622049332
80867,1,9.63431930542
80868,2,4.992276191711
80869,1,7.719940423965
80870,2,5.931221485138
80871,1,8.568495988846
80872,2,4.764796495438
80873,1,7.585903406143
80874,2,6.453349590302
80875,1,7.599210500717
80876,2,3.043419599533
80877,1,7.652752876282
80878,2,6.051772117615
80879,1,10.108141422272
80880,2,7.051783561707
80881,1,9.608251571655
80882,2,4.997826576233
80883,1,8.655678272247
80884,2,6.474789857864
80885,1,8.302729129791
80886,2,5.139963388443
80887,1,6.270965576172
80888,2,5.516741991043
80889,1,7.304915904999
80890,2,6.017568826675
80891,1,8.213153839111
80892,2,6.16147685051
80893,1,7.756735801697
80894,2,4.493799448013
80895,1,11.121073722839
80896,2,6.887626171112
80897,1,6.148366928101
80898,2,4.243832945824
80899,1,8.733491897583
80900,2,4.978993654251
80901,1,7.967541694641
80902,2,6.037459135056
80903,1,6.887182712555
80904,2,5.714378356934
80905,1,8.397695541382
80906,2,6.566776752472
80907,1,7.176262378693
80908,2,3.850468873978
80909,1,6.874022722244
80910,2,5.762254714966
80911,1,6.131371378899
80912,2,6.132255077362
80913,1,10.126509666443
80914,2,6.716615200043
80915,1,8.591001033783
80916,2,6.268491983414
80917,1,6.020560383797
80918,2,6.692849636078
80919,1,8.571459054947
80920,2,7.063237190247
80921,1,8.513855695724
80922,2,6.3459815979
80923,1,9.161158561707
80924,2,5.605160713196
80925,1,7.741037368774
80926,2,7.428009033203
80927,1,8.939006567001
80928,2,6.286503314972
80929,1,7.24730682373
80930,2,6.475932836533
80931,1,9.738615989685
80932,2,6.315000534058
80933,1,5.627430319786
80934,2,4.757005929947
80935,1,7.317472219467
80936,2,7.218160152435
80937,1,7.755323171616
80938,2,5.444704771042
80939,1,8.73326420784
80940,2,4.60711312294
80941,1,8.119955301285
80942,2,5.311108827591
80943,1,8.549517631531
80944,2,6.38812994957
80945,1,6.901718616486
80946,2,5.966009140015
80947,1,9.725597858429
80948,2,8.459921836853
80949,1,7.750942468643
80950,2,5.508622646332
80951,1,8.305466413498
80952,2,5.013397455215
80953,1,7.585544347763
80954,2,5.794538021088
80955,1,10.3354139328
80956,2,3.977344751358
80957,1,8.276655435562
80958,2,2.54372882843
80959,1,6.250919699669
80960,2,5.053941965103
80961,1,7.638780117035
80962,2,5.713265657425
80963,1,7.105188131332
80964,2,6.039879798889
80965,1,6.748466014862
80966,2,5.850288391113
80967,1,7.498837947845
80968,2,5.56285238266
80969,1,8.245321273804
80970,2,6.232662439346
80971,1,8.344314098358
80972,2,4.804465770721
80973,1,8.209030389786
80974,2,6.242875576019
80975,1,9.295398235321
80976,2,6.010725975037
80977,1,7.176132202148
80978,2,6.707670211792
80979,1,7.481327533722
80980,2,5.790185451508
80981,1,7.987210512161
80982,2,2.705966472626
80983,1,7.600231647491
80984,2,6.340227127075
80985,1,8.746417760849
80986,2,6.160288572311
80987,1,9.293950080872
80988,2,6.519846439362
80989,1,5.611644268036
80990,2,5.808274030685
80991,1,5.988874673843
80992,2,3.754479885101
80993,1,7.422191381454
80994,2,4.292310714722
80995,1,5.990373492241
80996,2,6.189791440964
80997,1,7.431934356689
80998,2,5.071714162827
80999,1,6.958371281624
81000,2,4.5438580513
90001,1,9.627226829529
90002,2,6.432334184647
90003,1,9.524174690247
90004,2,7.28718328476
90005,1,8.1945977211
90006,2,8.170497894287
90007,1,10.565602302551
90008,2,6.949090957642
90009,1,7.281107664108
90010,2,6.684024333954
90011,1,10.924250125885
90012,2,6.396758079529
90013,1,6.820820808411
90014,2,8.747521400452
90015,1,9.260253429413
90016,2,7.71383523941
90017,1,9.092648029327
90018,2,7.237043857574
90019,1,9.065475463867
90020,2,7.700014591217
90021,1,10.545252799988
90022,2,7.344080448151
90023,1,7.053153991699
90024,2,7.538453102112
90025,1,9.012283802032
90026,2,5.075364589691
90027,1,8.599257707596
90028,2,5.962854385376
90029,1,10.263004779816
90030,2,6.250116586685
90031,1,9.139972686768
90032,2,9.107322692871
90033,1,10.476182937622
90034,2,7.362833023071
90035,1,10.921839237213
90036,2,6.898882389069
90037,1,9.174292564392
90038,2,4.630279064178
90039,1,8.516522169113
90040,2,6.647532463074
90041,1,11.283935546875
90042,2,6.240237474442
90043,1,8.808868169785
90044,2,8.892314910889
90045,1,9.704979419708
90046,2,6.845139503479
90047,1,8.714849710464
90048,2,4.859572649002
90049,1,5.949555516243
90050,2,6.647190570831
90051,1,7.56453037262
90052,2,5.078789710999
90053,1,8.190906524658
90054,2,7.25517988205
90055,1,11.041053771973
90056,2,7.27067232132
90057,1,7.949159383774
90058,2,6.605056285858
90059,1,6.248296380043
90060,2,5.74979019165
90061,1,8.789093017578
90062,2,4.459888219833
90063,1,11.337072849274
90064,2,8.663259983063
90065,1,8.601112127304
90066,2,6.063804149628
90067,1,9.781118869781
90068,2,6.67321395874
90069,1,8.140455245972
90070,2,6.55952167511
90071,1,8.60480761528
90072,2,5.702931165695
90073,1,8.45069694519
90074,2,7.459397792816
90075,1,9.914267063141
90076,2,3.896077871323
90077,1,9.235792160034
90078,2,6.7750415802
90079,1,9.693474292755
90080,2,8.269931793213
90081,1,9.732711315155
90082,2,7.050995826721
90083,1,8.955189228058
90084,2,7.258568763733
90085,1,7.738217830658
90086,2,5.517417430878
90087,1,9.808920383453
90088,2,6.926045417786
90089,1,8.271840810776
90090,2,4.839442253113
90091,1,9.77417755127
90092,2,4.930052757263
90093,1,10.019918441772
90094,2,7.274342060089
90095,1,8.142305374146
90096,2,6.413842916489
90097,1,10.421320915222
90098,2,4.38508951664
90099,1,6.564365029335
90100,2,3.998075485229
90101,1,8.919128417969
90102,2,6.197261333466
90103,1,9.5884308815
90104,2,6.642432689667
90105,1,8.523193836212
90106,2,8.196141719818
90107,1,8.993679285049
90108,2,3.02858877182
90109,1,8.241452217102
90110,2,5.150291919708
90111,1,6.176064491272
90112,2,7.030240535736
90113,1,11.707671642303
90114,2,7.199584007263
90115,1,5.586969137192
90116,2,7.223903656006
90117,1,8.942784547806
90118,2,6.574283123016
90119,1,7.47068977356
90120,2,5.702164888382
90121,1,7.100577354431
90122,2,7.030747890472
90123,1,9.7001953125
90124,2,6.715809345245
90125,1,6.614113330841
90126,2,4.893984079361
90127,1,7.273791074753
90128,2,5.180507659912
90129,1,8.572348833084
90130,2,7.403807163239
90131,1,9.141997337341
90132,2,7.8770570755
90133,1,9.723676681519
90134,2,4.504642248154
90135,1,8.783142805099
90136,2,5.813880443573
90137,1,8.899413585663
90138,2,6.646861553192
90139,1,7.24883055687
90140,2,5.99122428894
90141,1,6.042946457863
90142,2,7.442056655884
90143,1,8.972676515579
90144,2,4.94863653183
90145,1,7.945612430573
90146,2,7.95251750946
90147,1,8.424142837524
90148,2,7.258470535278
90149,1,7.177467823029
90150,2,6.650817871094
90151,1,8.520381212234
90152,2,8.200066566467
90153,1,8.954962253571
90154,2,7.435789108276
90155,1,8.622223377228
90156,2,6.335024118423
90157,1,7.456165313721
90158,2,6.751436233521
90159,1,7.439484834671
90160,2,6.909161567688
90161,1,9.451968193054
90162,2,5.094569206238
90163,1,10.14900970459
90164,2,5.854603290558
90165,1,7.811211109161
90166,2,5.346832990646
90167,1,8.033754587173
90168,2,6.013386011124
90169,1,9.514950275421
90170,2,6.831295013428
90171,1,8.286969900131
90172,2,5.650755405426
90173,1,8.107876777649
90174,2,4.379285097122
90175,1,9.520589351654
90176,2,6.535841941833
90177,1,9.843764305115
90178,2,6.641666412354
90179,1,11.130269527435
90180,2,7.156330108643
90181,1,9.231554031372
90182,2,7.349363327026
90183,1,10.342014789581
90184,2,7.808551311493
90185,1,8.140572786331
90186,2,7.830486774445
90187,1,7.871303081512
90188,2,6.931901931763
90189,1,7.285150289536
90190,2,7.519265651703
90191,1,9.516109466553
90192,2,7.310499191284
90193,1,8.807523727417
90194,2,6.326390266418
90195,1,5.94109582901
90196,2,6.054954051971
90197,1,8.942501068115
90198,2,8.98330783844
90199,1,10.783666610718
90200,2,5.396340370178
90201,1,8.752883195877
90202,2,4.422089457512
90203,1,9.992615699768
90204,2,7.330109596252
90205,1,7.379238128662
90206,2,7.081736564636
90207,1,8.831747055054
90208,2,5.217772483826
90209,1,7.877070903778
90210,2,5.494920969009
90211,1,9.3236951828
90212,2,5.27575969696
90213,1,8.518073558807
90214,2,6.061362504959
90215,1,9.440294742584
90216,2,5.791533708572
90217,1,8.07355260849
90218,2,6.474967479706
90219,1,7.42320394516
90220,2,6.148686408997
90221,1,8.161722660065
90222,2,6.200348138809
90223,1,9.712595939636
90224,2,7.500396251678
90225,1,11.277532577515
90226,2,7.288583755493
90227,1,9.344746112823
90228,2,4.947682142258
90229,1,9.546538829803
90230,2,6.888175964355
90231,1,8.817093849182
90232,2,7.938254356384
90233,1,7.261406421661
90234,2,7.789879322052
90235,1,6.257951498032
90236,2,8.491816997528
90237,1,9.80224943161
90238,2,5.933539867401
90239,1,8.994495630264
90240,2,6.055648088455
90241,1,7.561800956726
90242,2,6.615693569183
90243,1,8.628422498703
90244,2,7.940518379211
90245,1,9.271112442017
90246,2,6.241842746735
90247,1,9.298574924469
90248,2,5.480280637741
90249,1,9.733476161957
90250,2,7.695872306824
90251,1,6.941056489944
90252,2,6.535149097443
90253,1,8.776547670364
90254,2,6.859126091003
90255,1,9.144623756409
90256,2,5.29952788353
90257,1,8.152600049973
90258,2,7.332830905914
90259,1,10.790324211121
90260,2,8.573941230774
90261,1,9.983964920044
90262,2,4.904794216156
90263,1,8.747385978699
90264,2,2.460407495499
90265,1,6.832505941391
90266,2,5.599363803864
90267,1,8.59466791153
90268,2,5.14652633667
90269,1,11.036733627319
90270,2,6.109219551086
90271,1,9.813469409943
90272,2,5.059137105942
90273,1,8.7388048172
90274,2,6.477432012558
90275,1,8.71639752388
90276,2,5.839244842529
90277,1,7.209511041641
90278,2,7.042836666107
90279,1,8.940084457397
90280,2,5.847754716873
90281,1,10.832530021667
90282,2,5.437344074249
90283,1,10.149753570557
90284,2,5.69702911377
90285,1,6.906946897507
90286,2,6.121269702911
90287,1,9.165423870087
90288,2,6.298552513123
90289,1,9.823515415192
90290,2,5.614325046539
90291,1,10.627176761627
90292,2,7.08046245575
90293,1,10.594708919525
90294,2,7.321129322052
90295,1,11.420102596283
90296,2,8.625819206238
90297,1,10.467872142792
90298,2,8.11737203598
90299,1,8.192561626434
90300,2,6.268249750137
90301,1,10.704314231873
90302,2,9.244995117188
90303,1,8.129249572754
90304,2,6.339903593063
90305,1,7.790525436401
90306,2,5.094363689423
90307,1,8.032802581787
90308,2,5.209274053574
90309,1,11.16651725769
90310,2,7.126798152924
90311,1,8.333466529846
90312,2,5.779604196548
90313,1,8.65420460701
90314,2,7.264630317688
90315,1,10.54789352417
90316,2,8.60626077652
90317,1,9.496160984039
90318,2,7.135437488556
90319,1,9.254470825195
90320,2,5.255763292313
90321,1,8.137063264847
90322,2,5.876946687698
90323,1,9.357769012451
90324,2,7.564691066742
90325,1,8.38254237175
90326,2,6.237518548965
90327,1,9.642234802246
90328,2,4.376616954803
90329,1,7.91925573349
90330,2,6.662095069885
90331,1,10.264689445496
90332,2,8.050099372864
90333,1,10.527218818665
90334,2,4.373160243034
90335,1,11.070937633514
90336,2,6.89063167572
90337,1,8.996217727661
90338,2,5.160703659058
90339,1,8.453006267548
90340,2,5.033847332001
90341,1,8.210938930511
90342,2,6.923372268677
90343,1,9.743523597717
90344,2,7.048619270325
90345,1,10.605390548706
90346,2,5.972978591919
90347,1,7.926092624664
90348,2,6.166283607483
90349,1,9.189424514771
90350,2,6.419565200806
90351,1,9.798715591431
90352,2,6.777070522308
90353,1,10.249897480011
90354,2,6.026146411896
90355,1,10.305817604065
90356,2,5.380365133286
90357,1,9.391673088074
90358,2,7.389474868774
90359,1,8.167575836182
90360,2,5.958063840866
90361,1,7.140707015991
90362,2,5.252797842026
90363,1,9.7235455513
90364,2,6.497746944427
90365,1,7.753942489624
90366,2,5.081040143967
90367,1,7.00736784935
90368,2,6.656216621399
90369,1,8.185989141464
90370,2,8.445888996124
90371,1,10.843665599823
90372,2,7.412200450897
90373,1,7.724140882492
90374,2,4.259113669395
90375,1,8.816447496414
90376,2,6.489696979523
90377,1,7.895903348923
90378,2,3.985270619392
90379,1,9.968029975891
90380,2,5.763727664948
90381,1,11.102751255035
90382,2,6.65943145752
90383,1,9.789573669434
90384,2,4.643497943878
90385,1,10.136175632477
90386,2,5.975486040115
90387,1,9.403029441833
90388,2,5.284342765808
90389,1,6.090603590012
90390,2,7.617676734924
90391,1,9.6169090271
90392,2,4.62051820755
90393,1,8.90096616745
90394,2,5.012385845184
90395,1,8.29292178154
90396,2,7.434606552124
90397,1,11.24928855896
90398,2,6.780973911285
90399,1,7.873779535294
90400,2,5.43167424202
90401,1,9.750009536743
90402,2,7.746249198914
90403,1,9.647018432617
90404,2,5.810451984406
90405,1,7.835654258728
90406,2,6.214601039886
90407,1,8.164432764053
90408,2,5.411221504211
90409,1,9.266648292542
90410,2,7.00666475296
90411,1,7.430649995804
90412,2,6.291094064713
90413,1,7.964656829834
90414,2,7.076157093048
90415,1,6.82202231884
90416,2,6.797080039978
90417,1,10.039180755615
90418,2,6.443156957626
90419,1,8.149442672729
90420,2,7.415065288544
90421,1,9.576224327087
90422,2,6.673533916473
90423,1,7.761633872986
90424,2,7.148434638977
90425,1,9.249819755554
90426,2,5.571960449219
90427,1,8.48531460762
90428,2,7.328944683075
90429,1,7.302135944366
90430,2,5.377988815308
90431,1,8.820322036743
90432,2,4.580931186676
90433,1,10.170956611633
90434,2,6.664362430573
90435,1,9.48698425293
90436,2,7.499610424042
90437,1,10.47670173645
90438,2,6.569420814514
90439,1,10.315131664276
90440,2,6.512532234192
90441,1,8.94020986557
90442,2,5.418086051941
90443,1,10.814494609833
90444,2,6.955031394958
90445,1,10.607326507568
90446,2,8.779403686523
90447,1,8.03358745575
90448,2,5.383189916611
90449,1,10.103066921234
90450,2,6.21952009201
90451,1,7.480531215668
90452,2,5.118472099304
90453,1,10.510023117065
90454,2,9.228149414062
90455,1,9.671633243561
90456,2,3.476410984993
90457,1,8.124570131302
90458,2,6.812536716461
90459,1,8.051577091217
90460,2,5.07249879837
90461,1,8.011064767838
90462,2,5.238615512848
90463,1,8.059839725494
90464,2,4.521178722382
90465,1,8.938558101654
90466,2,7.762474536896
90467,1,7.005497217178
90468,2,6.734795570374
90469,1,8.871808767319
90470,2,6.431764364243
90471,1,6.904515266418
90472,2,6.101257801056
90473,1,8.734404802322
90474,2,7.294642925262
90475,1,10.055399894714
90476,2,5.704163074493
90477,1,7.092208385468
90478,2,6.462401151657
90479,1,8.976572751999
90480,2,7.292049407959
90481,1,7.089696645737
90482,2,5.644586086273
90483,1,7.033615589142
90484,2,5.012193441391
90485,1,10.889565467834
90486,2,9.244997024536
90487,1,7.53661108017
90488,2,5.366894721985
90489,1,6.715427875519
90490,2,3.554085731506
90491,1,9.29062461853
90492,2,8.539459705353
90493,1,7.79888010025
90494,2,4.371953964233
90495,1,10.680794239044
90496,2,6.784491062164
90497,1,10.852063655853
90498,2,3.998256921768
90499,1,9.55487537384
90500,2,5.237504959106
90501,1,8.755858182907
90502,2,5.826797246933
90503,1,8.524324655533
90504,2,6.510864257812
90505,1,8.715963840485
90506,2,7.72695016861
90507,1,10.722904205322
90508,2,5.963688850403
90509,1,7.637594223022
90510,2,7.555634021759
90511,1,8.395051002502
90512,2,5.822712659836
90513,1,7.9703977108
90514,2,5.473506450653
90515,1,7.320770263672
90516,2,5.790574073792
90517,1,8.88153553009
90518,2,4.483947277069
90519,1,9.742711544037
90520,2,6.353862762451
90521,1,8.448082447052
90522,2,4.121188640594
90523,1,7.316203117371
90524,2,6.372575283051
90525,1,8.93891119957
90526,2,5.350256443024
90527,1,7.723880290985
90528,2,5.638190031052
90529,1,7.735821723938
90530,2,4.322181105614
90531,1,9.008688926697
90532,2,5.946156263351
90533,1,7.373015403748
90534,2,7.65648317337
90535,1,9.60072517395
90536,2,4.860995292664
90537,1,9.952593326569
90538,2,7.222315788269
90539,1,9.872974872589
90540,2,7.710897922516
90541,1,11.235259532928
90542,2,4.317477464676
90543,1,7.912843227386
90544,2,7.48181438446
90545,1,9.406400203705
90546,2,6.563978672028
90547,1,8.367183685303
90548,2,8.402534484863
90549,1,9.655806541443
90550,2,7.319687366486
90551,1,7.088025569916
90552,2,7.306773662567
90553,1,10.155427932739
90554,2,7.014997005463
90555,1,7.782150506973
90556,2,5.370100736618
90557,1,9.315418720245
90558,2,3.353068351746
90559,1,7.445096969604
90560,2,8.293954372406
90561,1,9.954084396362
90562,2,5.323648452759
90563,1,9.447634220123
90564,2,5.694344997406
90565,1,8.908870458603
90566,2,5.754912137985
90567,1,8.99165058136
90568,2,7.53990316391
90569,1,8.075669288635
90570,2,7.530938148499
90571,1,10.02281332016
90572,2,7.532822132111
90573,1,9.715608119965
90574,2,6.821134090424
90575,1,8.570641994476
90576,2,7.145017623901
90577,1,9.803838729858
90578,2,6.644509315491
90579,1,8.046900987625
90580,2,6.074010848999
90581,1,9.954058647156
90582,2,6.397034168243
90583,1,8.515565395355
90584,2,7.153604030609
90585,1,8.593403339386
90586,2,7.529706954956
90587,1,7.656977415085
90588,2,5.552904844284
90589,1,8.761405944824
90590,2,5.691596269608
90591,1,8.675782680511
90592,2,8.251544952393
90593,1,8.993991851807
90594,2,7.125171661377
90595,1,7.397366046906
90596,2,5.584215641022
90597,1,9.412896633148
90598,2,4.552719116211
90599,1,8.47475528717
90600,2,5.740891933441
90601,1,8.972842931747
90602,2,5.99534535408
90603,1,9.415431499481
90604,2,6.231994152069
90605,1,9.770803451538
90606,2,6.980446338654
90607,1,8.669318437576
90608,2,7.088787078857
90609,1,7.035503387451
90610,2,6.837060928345
90611,1,9.787520885468
90612,2,6.784333705902
90613,1,7.838776826859
90614,2,6.006073713303
90615,1,10.200819015503
90616,2,7.759963989258
90617,1,9.870657444
90618,2,8.197420597076
90619,1,9.082501411438
90620,2,4.383303046227
90621,1,6.775395393372
90622,2,5.113529205322
90623,1,9.185788631439
90624,2,7.649079322815
90625,1,7.805055618286
90626,2,6.195503473282
90627,1,9.457546710968
90628,2,7.047488689423
90629,1,10.192625999451
90630,2,6.428235530853
90631,1,7.90612745285
90632,2,6.120647192001
90633,1,8.841497659683
90634,2,8.985442638397
90635,1,9.897005558014
90636,2,5.889268636703
90637,1,10.426029682159
90638,2,6.423532962799
90639,1,5.52699971199
90640,2,6.591009140015
90641,1,10.30286026001
90642,2,6.311004638672
90643,1,8.314453363419
90644,2,7.140795707703
90645,1,9.504636287689
90646,2,5.980731487274
90647,1,8.966491937637
90648,2,7.174202442169
90649,1,6.462058901787
90650,2,6.773025512695
90651,1,9.869535923004
90652,2,5.569372415543
90653,1,10.178797721863
90654,2,7.492984771729
90655,1,11.442650794983
90656,2,6.852743625641
90657,1,8.811600208282
90658,2,5.428547143936
90659,1,8.291551589966
90660,2,6.176721572876
90661,1,7.704025268555
90662,2,6.840161800385
90663,1,6.638243913651
90664,2,5.798189163208
90665,1,10.625375747681
90666,2,7.514494419098
90667,1,8.367965698242
90668,2,6.322443008423
90669,1,7.55736541748
90670,2,7.150994300842
90671,1,7.704686164856
90672,2,5.294584512711
90673,1,10.017737388611
90674,2,3.6063798666
90675,1,8.135169506073
90676,2,4.136097431183
90677,1,7.698805332184
90678,2,4.745972156525
90679,1,9.044944763184
90680,2,5.583725214005
90681,1,8.267108917236
90682,2,8.764350891113
90683,1,8.670321464539
90684,2,7.24005651474
90685,1,10.523819446564
90686,2,8.257040023804
90687,1,9.759054660797
90688,2,8.569098949432
90689,1,7.364922523499
90690,2,5.516469240189
90691,1,9.060124397278
90692,2,5.419541597366
90693,1,8.38396024704
90694,2,4.445077896118
90695,1,8.107398509979
90696,2,4.274310588837
90697,1,5.382719278336
90698,2,8.308097362518
90699,1,8.257194757462
90700,2,5.527658462524
90701,1,7.087473869324
90702,2,6.667111873627
90703,1,6.918503522873
90704,2,5.478975534439
90705,1,9.560105800629
90706,2,5.913054227829
90707,1,7.618580102921
90708,2,7.074654102325
90709,1,7.893151760101
90710,2,4.458235740662
90711,1,8.882727384567
90712,2,5.620263814926
90713,1,8.583912849426
90714,2,5.96689081192
90715,1,9.50519990921
90716,2,6.396903514862
90717,1,8.554379463196
90718,2,5.754712343216
90719,1,9.104031562805
90720,2,7.830699920654
90721,1,9.063096046448
90722,2,5.281963348389
90723,1,7.191454410553
90724,2,3.852337241173
90725,1,10.758560180664
90726,2,6.298127889633
90727,1,9.600016593933
90728,2,6.016876935959
90729,1,7.900258541107
90730,2,5.840199232101
90731,1,10.4739112854
90732,2,8.174593925476
90733,1,7.468039274216
90734,2,4.474613785744
90735,1,8.826277971268
90736,2,7.032950401306
90737,1,8.944488048553
90738,2,6.791078090668
90739,1,9.046314716339
90740,2,6.878659248352
90741,1,8.03306722641
90742,2,8.821368694305
90743,1,8.934087753296
90744,2,5.505316019058
90745,1,8.821712970734
90746,2,7.258100509644
90747,1,7.57617855072
90748,2,4.955997228622
90749,1,7.747659683228
90750,2,5.177486896515
90751,1,7.18500494957
90752,2,8.508986949921
90753,1,8.952965736389
90754,2,6.25523352623
90755,1,9.847012042999
90756,2,7.250682830811
90757,1,6.426783561707
90758,2,5.911855697632
90759,1,9.72056722641
90760,2,7.028557300568
90761,1,11.563608169556
90762,2,7.947578430176
90763,1,10.611003398895
90764,2,6.226682662964
90765,1,8.162439823151
90766,2,7.046137332916
90767,1,9.718648433685
90768,2,6.164815187454
90769,1,9.415643692017
90770,2,7.517971515656
90771,1,8.288470983505
90772,2,6.355123996735
90773,1,7.826174020767
90774,2,6.538273334503
90775,1,9.332356452942
90776,2,7.902597427368
90777,1,9.606030464172
90778,2,6.07245349884
90779,1,9.92254781723
90780,2,5.661803245544
90781,1,8.103786230087
90782,2,5.47169303894
90783,1,10.359658718109
90784,2,6.241791963577
90785,1,6.825259208679
90786,2,6.019023895264
90787,1,8.088794469833
90788,2,2.419146776199
90789,1,8.110212564468
90790,2,6.583925247192
90791,1,8.600193023682
90792,2,4.816649436951
90793,1,9.597442150116
90794,2,6.518720626831
90795,1,9.190749168396
90796,2,6.936188697815
90797,1,8.418132066727
90798,2,6.951854705811
90799,1,7.833781719208
90800,2,4.871456861496
90801,1,6.256461381912
90802,2,6.934674263
90803,1,6.21789598465
90804,2,6.071964979172
90805,1,8.278870582581
90806,2,6.325595855713
90807,1,9.466768264771
90808,2,8.476555347443
90809,1,7.738713264465
90810,2,4.683504581451
90811,1,9.607562541962
90812,2,6.241252422333
90813,1,9.417080402374
90814,2,6.618243217468
90815,1,11.066606521606
90816,2,6.635776519775
90817,1,9.834697723389
90818,2,6.382257223129
90819,1,10.658218383789
90820,2,8.351124763489
90821,1,9.005858898163
90822,2,4.427305340767
90823,1,10.278838634491
90824,2,4.179242968559
90825,1,7.595195293427
90826,2,4.690296173096
90827,1,7.98423910141
90828,2,6.152468442917
90829,1,10.043562889099
90830,2,5.208957910538
90831,1,10.983506679535
90832,2,5.614367723465
90833,1,7.449425935745
90834,2,5.898065090179
90835,1,8.848523616791
90836,2,6.777491569519
90837,1,10.260544776917
90838,2,6.505964756012
90839,1,9.150792121887
90840,2,6.356563329697
90841,1,5.599431037903
90842,2,5.023131847382
90843,1,8.657335281372
90844,2,6.846270561218
90845,1,9.59672164917
90846,2,6.341835975647
90847,1,7.183233737946
90848,2,6.75269985199
90849,1,8.422304153442
90850,2,6.90749502182
90851,1,9.278169631958
90852,2,5.304421663284
90853,1,7.615350484848
90854,2,7.013885498047
90855,1,9.008847236633
90856,2,4.435077548027
90857,1,6.588660359383
90858,2,5.028358459473
90859,1,8.975325107574
90860,2,6.270376205444
90861,1,8.598127603531
90862,2,6.542446613312
90863,1,9.875835418701
90864,2,5.636425018311
90865,1,6.33635187149
90866,2,6.025651693344
90867,1,6.16788649559
90868,2,6.744750499725
90869,1,8.380769014359
90870,2,7.535137176514
90871,1,6.836766242981
90872,2,5.430810689926
90873,1,7.703961133957
90874,2,6.152856111526
90875,1,8.468123197556
90876,2,4.953840255737
90877,1,9.335606575012
90878,2,6.311552047729
90879,1,8.076119661331
90880,2,5.358902454376
90881,1,8.427208423615
90882,2,7.100872993469
90883,1,9.568940639496
90884,2,3.403178095818
90885,1,9.63202047348
90886,2,7.622797966003
90887,1,8.333471775055
90888,2,6.799324989319
90889,1,7.514180183411
90890,2,3.859592437744
90891,1,8.40974521637
90892,2,5.716316699982
90893,1,6.53487765789
90894,2,6.046246290207
90895,1,8.270941495895
90896,2,5.520844936371
90897,1,10.659893512726
90898,2,7.374716281891
90899,1,9.940096378326
90900,2,8.57621383667
90901,1,9.76625585556
90902,2,4.941038131714
90903,1,6.80784869194
90904,2,4.46535050869
90905,1,7.247132062912
90906,2,4.831136703491
90907,1,6.980949878693
90908,2,3.784950852394
90909,1,7.917036056519
90910,2,7.749465465546
90911,1,9.575135231018
90912,2,6.576047420502
90913,1,7.419513702393
90914,2,8.168524742126
90915,1,9.019113540649
90916,2,5.698448896408
90917,1,9.120810508728
90918,2,3.940490484238
90919,1,8.81708407402
90920,2,5.350510597229
90921,1,11.340559959412
90922,2,6.544000148773
90923,1,8.34632730484
90924,2,8.161014556885
90925,1,7.81251502037
90926,2,9.220294952393
90927,1,9.633469581604
90928,2,7.012836933136
90929,1,7.907727241516
90930,2,5.769757270813
90931,1,9.064112186432
90932,2,6.8501496315
90933,1,9.687927722931
90934,2,8.019741535187
90935,1,7.855896234512
90936,2,5.466688632965
90937,1,8.917434453964
90938,2,6.192615032196
90939,1,7.734508514404
90940,2,3.649926304817
90941,1,6.462523698807
90942,2,4.950545549393
90943,1,8.758660793304
90944,2,7.545461177826
90945,1,7.183316707611
90946,2,5.747370004654
90947,1,8.979601860046
90948,2,5.787504196167
90949,1,9.247779369354
90950,2,7.68588924408
90951,1,7.624755144119
90952,2,5.184666156769
90953,1,7.675454616547
90954,2,6.045135736465
90955,1,9.329767227173
90956,2,7.467535018921
90957,1,8.348367214203
90958,2,5.4447722435
90959,1,9.829341411591
90960,2,7.139096736908
90961,1,9.346849918365
90962,2,6.846544265747
90963,1,11.414568901062
90964,2,7.307183265686
90965,1,9.099012851715
90966,2,4.915846824646
90967,1,8.273615121841
90968,2,6.864886283875
90969,1,7.877663135529
90970,2,5.027990341187
90971,1,7.151740789413
90972,2,6.728610038757
90973,1,7.811655759811
90974,2,4.843435049057
90975,1,9.793146133423
90976,2,5.866995811462
90977,1,7.151750564575
90978,2,7.164533615112
90979,1,8.492277383804
90980,2,6.108657836914
90981,1,8.566256523132
90982,2,6.233287572861
90983,1,8.742240428925
90984,2,5.640402793884
90985,1,9.224721431732
90986,2,7.214039802551
90987,1,7.232532262802
90988,2,4.996731758118
90989,1,9.819833755493
90990,2,8.29879283905
90991,1,9.741798400879
90992,2,7.587246894836
90993,1,6.643778920174
90994,2,6.705832958221
90995,1,8.944873332977
90996,2,5.846194982529
90997,1,7.331479549408
90998,2,5.121653556824
90999,1,7.252949953079
91000,2,4.809032917023
100001,1,9.277100563049
100002,2,7.828531265259
100003,1,10.142520904541
100004,2,9.369909286499
100005,1,8.812356472015
100006,2,8.148996829987
100007,1,12.461911201477
100008,2,7.527704715729
100009,1,12.241595745087
100010,2,8.483565330505
100011,1,10.250814914703
100012,2,6.360224723816
100013,1,9.990917205811
100014,2,6.399367570877
100015,1,9.815978527069
100016,2,9.497121810913
100017,1,9.363338947296
100018,2,6.975051879883
100019,1,9.734435558319
100020,2,5.967830181122
100021,1,10.57949590683
100022,2,7.174228668213
100023,1,8.801211118698
100024,2,6.398587465286
100025,1,10.742739677429
100026,2,8.131551742554
100027,1,8.984796047211
100028,2,5.222883224487
100029,1,10.799409866333
100030,2,7.917135715485
100031,1,8.275335788727
100032,2,6.268430948257
100033,1,9.311104297638
100034,2,7.533646583557
100035,1,9.271000862122
100036,2,6.086959600449
100037,1,10.250342845917
100038,2,6.52841091156
100039,1,8.808817625046
100040,2,6.30078291893
100041,1,10.459009647369
100042,2,7.927618026733
100043,1,6.814390182495
100044,2,5.134479045868
100045,1,9.743336677551
100046,2,8.378050804138
100047,1,9.437844276428
100048,2,7.110964298248
100049,1,8.866221427917
100050,2,7.687107086182
100051,1,7.412307739258
100052,2,4.881815433502
100053,1,9.219013690948
100054,2,7.225357055664
100055,1,12.899481296539
100056,2,6.52862405777
100057,1,12.120895385742
100058,2,8.242541790009
100059,1,9.487393856049
100060,2,5.337056159973
100061,1,8.372455120087
100062,2,5.775250196457
100063,1,7.397661447525
100064,2,8.005731582642
100065,1,10.935518741608
100066,2,7.810859203339
100067,1,9.23422908783
100068,2,7.449652671814
100069,1,10.18168926239
100070,2,6.496252775192
100071,1,8.893470287323
100072,2,7.209283828735
100073,1,9.394486427307
100074,2,5.242185115814
100075,1,9.56193447113
100076,2,7.986636161804
100077,1,11.132821083069
100078,2,7.250962734222
100079,1,11.884494304657
100080,2,6.069221258163
100081,1,9.532069206238
100082,2,5.668625354767
100083,1,8.894578695297
100084,2,7.591475963593
100085,1,11.944231510162
100086,2,5.093927621841
100087,1,8.784759521484
100088,2,7.436653137207
100089,1,9.929444313049
100090,2,7.504016876221
100091,1,8.57460641861
100092,2,7.285054206848
100093,1,12.498780250549
100094,2,4.877819776535
100095,1,9.884253025055
100096,2,8.211822509766
100097,1,12.594644546509
100098,2,6.115335464478
100099,1,8.552321910858
100100,2,8.362677574158
100101,1,8.780235528946
100102,2,8.085770606995
100103,1,8.864140748978
100104,2,6.426683425903
100105,1,10.113526344299
100106,2,6.62032365799
100107,1,5.58927488327
100108,2,7.755460262299
100109,1,9.130449295044
100110,2,7.454288005829
100111,1,9.710968494415
100112,2,6.476580142975
100113,1,9.853950977325
100114,2,6.669143676758
100115,1,10.530015945435
100116,2,7.208592414856
100117,1,9.379833698273
100118,2,8.499708652496
100119,1,9.081775665283
100120,2,6.060834169388
100121,1,9.475185871124
100122,2,8.100682735443
100123,1,9.232606887817
100124,2,9.750610351562
100125,1,9.721583366394
100126,2,6.741766452789
100127,1,8.37601852417
100128,2,6.667295455933
100129,1,10.860579013824
100130,2,6.297916650772
100131,1,8.598187446594
100132,2,6.65899515152
100133,1,10.297458171844
100134,2,6.368924617767
100135,1,11.725373268127
100136,2,6.092837333679
100137,1,8.376832485199
100138,2,5.462139129639
100139,1,7.714592933655
100140,2,5.908936977386
100141,1,12.187188625336
100142,2,8.174230098724
100143,1,9.986850261688
100144,2,8.185676574707
100145,1,9.112553119659
100146,2,7.963230133057
100147,1,11.05152797699
100148,2,7.935518741608
100149,1,10.340364933014
100150,2,6.789640903473
100151,1,8.082541942596
100152,2,4.82772731781
100153,1,8.959413528442
100154,2,5.204872131348
100155,1,9.333737373352
100156,2,8.673321723938
100157,1,10.896967411041
100158,2,7.152665138245
100159,1,11.643439292908
100160,2,9.737659454346
100161,1,8.273017406464
100162,2,7.955399036407
100163,1,9.465511322021
100164,2,7.533926486969
100165,1,9.720769882202
100166,2,7.102387905121
100167,1,9.705968379974
100168,2,5.757108211517
100169,1,11.367262363434
100170,2,8.224100112915
100171,1,9.528446674347
100172,2,8.391055107117
100173,1,10.698574066162
100174,2,8.37735080719
100175,1,12.765948295593
100176,2,4.94376039505
100177,1,7.501154184341
100178,2,7.982042789459
100179,1,11.412172317505
100180,2,6.052558660507
100181,1,7.596247434616
100182,2,6.057636260986
100183,1,11.249525547028
100184,2,5.686376094818
100185,1,8.948981523514
100186,2,6.601016998291
100187,1,8.011680841446
100188,2,7.386930465698
100189,1,12.116857528687
100190,2,9.730160713196
100191,1,9.26162815094
100192,2,9.85192489624
100193,1,8.13144493103
100194,2,5.946126937866
100195,1,8.523681640625
100196,2,6.984722137451
100197,1,9.277383804321
100198,2,7.367109298706
100199,1,10.365853309631
100200,2,7.81453037262
100201,1,8.788600444794
100202,2,9.232145309448
100203,1,8.454451560974
100204,2,5.363894462585
100205,1,8.547522306442
100206,2,5.012899398804
100207,1,7.30432510376
100208,2,7.120752811432
100209,1,11.641047000885
100210,2,8.679451465607
100211,1,11.610548496246
100212,2,8.867166996002
100213,1,10.72069644928
100214,2,6.237633228302
100215,1,10.333775043488
100216,2,8.342099189758
100217,1,9.747844696045
100218,2,7.056991100311
100219,1,8.007050037384
100220,2,5.201767683029
100221,1,8.076608181
100222,2,7.833349704742
100223,1,8.361744403839
100224,2,7.090628623962
100225,1,7.961549520493
100226,2,8.369247913361
100227,1,8.858346223831
100228,2,7.364001750946
100229,1,8.767539978027
100230,2,7.394643306732
100231,1,9.519726753235
100232,2,6.355745792389
100233,1,11.03698682785
100234,2,7.061319351196
100235,1,8.119997024536
100236,2,7.127833366394
100237,1,9.352373123169
100238,2,6.083292484283
100239,1,9.440501213074
100240,2,7.296475887299
100241,1,6.225993156433
100242,2,4.134078264236
100243,1,8.112499237061
100244,2,8.324367523193
100245,1,10.986052513123
100246,2,9.435885906219
100247,1,9.500156402588
100248,2,6.792213916779
100249,1,9.16641998291
100250,2,6.595575332642
100251,1,8.278377532959
100252,2,7.706691741943
100253,1,9.014056682587
100254,2,6.75189781189
100255,1,10.429887771606
100256,2,7.942833900452
100257,1,10.959284305573
100258,2,4.997658491135
100259,1,11.060116767883
100260,2,7.445333003998
100261,1,8.98628950119
100262,2,7.092778205872
100263,1,11.394465923309
100264,2,8.128029346466
100265,1,11.307891368866
100266,2,5.628304481506
100267,1,11.723982810974
100268,2,7.8290143013
100269,1,9.286601543427
100270,2,5.424730300903
100271,1,7.042354345322
100272,2,4.894693374634
100273,1,8.178256988525
100274,2,5.804705619812
100275,1,9.678207874298
100276,2,6.852898597717
100277,1,8.57519197464
100278,2,6.84431219101
100279,1,9.788604259491
100280,2,6.851870536804
100281,1,9.910933971405
100282,2,6.158497333527
100283,1,8.824311733246
100284,2,6.932490825653
100285,1,9.390730857849
100286,2,7.876471042633
100287,1,8.952260494232
100288,2,4.802255153656
100289,1,10.884114265442
100290,2,8.069548130035
100291,1,11.335430622101
100292,2,8.99488735199
100293,1,8.836602210999
100294,2,8.075147628784
100295,1,11.682206630707
100296,2,9.195387840271
100297,1,9.83754825592
100298,2,3.959201812744
100299,1,9.52783870697
100300,2,7.664580345154
100301,1,10.295587062836
100302,2,4.721505641937
100303,1,7.072380781174
100304,2,8.136532783508
100305,1,9.515482902527
100306,2,7.464901924133
100307,1,10.590041637421
100308,2,5.534635782242
100309,1,8.976024866104
100310,2,7.845258712769
100311,1,8.421321392059
100312,2,6.925520420074
100313,1,7.481894016266
100314,2,7.875581741333
100315,1,9.497008323669
100316,2,6.430334091187
100317,1,9.070387840271
100318,2,7.053179740906
100319,1,9.368628025055
100320,2,6.689883232117
100321,1,8.163612365723
100322,2,7.949275493622
100323,1,9.51341342926
100324,2,7.711724281311
100325,1,11.284844875336
100326,2,8.124710083008
100327,1,10.151710033417
100328,2,7.144859313965
100329,1,9.032759189606
100330,2,6.1779961586
100331,1,8.327888965607
100332,2,7.599697113037
100333,1,11.369281768799
100334,2,8.666677474976
100335,1,7.975739479065
100336,2,6.826362609863
100337,1,9.231467723846
100338,2,6.501238822937
100339,1,8.705567836761
100340,2,5.770110845566
100341,1,7.381176233292
100342,2,6.766845226288
100343,1,7.364190101624
100344,2,6.791973114014
100345,1,9.303362369537
100346,2,8.104575157166
100347,1,9.705376148224
100348,2,6.897027492523
100349,1,9.660449504852
100350,2,8.161782741547
100351,1,9.741031169891
100352,2,7.183217048645
100353,1,8.237317085266
100354,2,6.785327911377
100355,1,11.303366661072
100356,2,6.085745573044
100357,1,8.458837747574
100358,2,5.612294912338
100359,1,9.174946784973
100360,2,9.69497013092
100361,1,9.299816131592
100362,2,10.255771636963
100363,1,8.571399688721
100364,2,7.533236980438
100365,1,10.119003772736
100366,2,7.778967380524
100367,1,8.458613157272
100368,2,5.977665662766
100369,1,10.107284545898
100370,2,6.053125143051
100371,1,10.376154899597
100372,2,9.956925392151
100373,1,11.734137535095
100374,2,8.492251396179
100375,1,10.197295665741
100376,2,6.391811609268
100377,1,6.775719642639
100378,2,5.074052095413
100379,1,10.128098964691
100380,2,7.395833492279
100381,1,7.955748558044
100382,2,8.299446105957
100383,1,10.932478427887
100384,2,8.407914161682
100385,1,10.039423465729
100386,2,6.789033889771
100387,1,7.398218870163
100388,2,6.945323944092
100389,1,9.423542976379
100390,2,6.517827510834
100391,1,11.044970989227
100392,2,7.754009246826
100393,1,8.222146987915
100394,2,4.069588899612
100395,1,10.457847595215
100396,2,6.146144866943
100397,1,8.200752735138
100398,2,6.330331325531
100399,1,9.906870365143
100400,2,5.004304170609
100401,1,10.244895458221
100402,2,7.231203556061
100403,1,9.4911236763
100404,2,5.1688144207
100405,1,11.687515735626
100406,2,4.308065414429
100407,1,10.809372425079
100408,2,7.04783821106
100409,1,8.760948419571
100410,2,7.715759754181
100411,1,7.72300863266
100412,2,6.208898544312
100413,1,8.23697924614
100414,2,5.843153476715
100415,1,9.82289981842
100416,2,7.63121509552
100417,1,9.40879535675
100418,2,8.761724948883
100419,1,11.392123222351
100420,2,8.145879268646
100421,1,7.603027820587
100422,2,6.212243080139
100423,1,8.012176275253
100424,2,8.54608631134
100425,1,9.053853034973
100426,2,4.408868193626
100427,1,7.294906616211
100428,2,7.048456668854
100429,1,6.928430318832
100430,2,4.192963480949
100431,1,7.838526010513
100432,2,7.00954246521
100433,1,8.03795337677
100434,2,7.429729938507
100435,1,10.377390384674
100436,2,8.74924325943
100437,1,7.357491016388
100438,2,7.686509609222
100439,1,9.811756134033
100440,2,6.971873760223
100441,1,10.814328193665
100442,2,7.049135684967
100443,1,9.8204870224
100444,2,6.997543811798
100445,1,9.535982608795
100446,2,6.014698982239
100447,1,10.289662361145
100448,2,7.581357479095
100449,1,11.33397769928
100450,2,6.793917655945
100451,1,10.480656147003
100452,2,7.704035282135
100453,1,10.373710632324
100454,2,8.011431217194
100455,1,8.525022029877
100456,2,7.25910949707
100457,1,10.236964702606
100458,2,7.698896408081
100459,1,9.911714553833
100460,2,4.422951221466
100461,1,9.166352748871
100462,2,6.072866678238
100463,1,9.187754154205
100464,2,6.541152000427
100465,1,8.859753847122
100466,2,5.556124925613
100467,1,9.083674907684
100468,2,5.166487932205
100469,1,11.11429309845
100470,2,4.981738567352
100471,1,8.62047290802
100472,2,6.738840103149
100473,1,10.168073177338
100474,2,6.011322021484
100475,1,7.783525466919
100476,2,5.610714673996
100477,1,9.672128200531
100478,2,5.840462207794
100479,1,10.278050899506
100480,2,7.408805370331
100481,1,7.518485307693
100482,2,6.812016487122
100483,1,7.696477890015
100484,2,9.755992889404
100485,1,5.445333242416
100486,2,7.794325828552
100487,1,9.419889450073
100488,2,7.796694278717
100489,1,10.64782333374
100490,2,9.08465385437
100491,1,10.178925037384
100492,2,5.598382711411
100493,1,9.32098531723
100494,2,7.691559791565
100495,1,10.000080108643
100496,2,4.072562217712
100497,1,7.508897304535
100498,2,5.333597660065
100499,1,11.884884357452
100500,2,4.421746253967
100501,1,9.946794033051
100502,2,7.094414710999
100503,1,10.093663215637
100504,2,7.677868843079
100505,1,11.883364677429
100506,2,6.64587020874
100507,1,10.525325775146
100508,2,6.24914431572
100509,1,11.038326263428
100510,2,6.29573059082
100511,1,8.762886285782
100512,2,7.029001235962
100513,1,7.692290306091
100514,2,6.294315338135
100515,1,11.367835044861
100516,2,8.886751174927
100517,1,9.786155700684
100518,2,7.874474525452
100519,1,8.312183141708
100520,2,7.810166358948
100521,1,6.371282815933
100522,2,5.065259933472
100523,1,7.974492549896
100524,2,6.270085573196
100525,1,10.674823284149
100526,2,5.895208358765
100527,1,9.521730899811
100528,2,7.600315093994
100529,1,10.133358955383
100530,2,5.327604293823
100531,1,11.391638755798
100532,2,7.713920593262
100533,1,11.2067527771
100534,2,8.421279907227
100535,1,7.423021793365
100536,2,7.263515472412
100537,1,11.291462898254
100538,2,8.319059371948
100539,1,8.429983615875
100540,2,8.526070594788
100541,1,11.352182388306
100542,2,7.36819934845
100543,1,8.724500894547
100544,2,6.774513721466
100545,1,8.363750934601
100546,2,5.073023796082
100547,1,11.109271526337
100548,2,6.666837215424
100549,1,10.725166320801
100550,2,8.713331699371
100551,1,9.834931850433
100552,2,5.848635911942
100553,1,8.571987628937
100554,2,6.416177272797
100555,1,9.954499721527
100556,2,6.380113124847
100557,1,6.852819442749
100558,2,7.038739681244
100559,1,9.001782894135
100560,2,7.897592544556
100561,1,8.934905052185
100562,2,7.356924533844
100563,1,8.897613048553
100564,2,8.692310333252
100565,1,8.22944021225
100566,2,4.805459022522
100567,1,8.401527404785
100568,2,6.525224208832
100569,1,11.000111579895
100570,2,5.968894004822
100571,1,10.871599197388
100572,2,6.399682044983
100573,1,9.755366325378
100574,2,7.139981746674
100575,1,9.567901611328
100576,2,7.536416053772
100577,1,9.485833644867
100578,2,6.637093067169
100579,1,8.092806816101
100580,2,7.526973724365
100581,1,7.878637552261
100582,2,3.927755713463
100583,1,8.943067789078
100584,2,6.34460067749
100585,1,6.912801265717
100586,2,8.246566295624
100587,1,10.868488311768
100588,2,8.190725326538
100589,1,9.269630432129
100590,2,4.616987705231
100591,1,10.246207237244
100592,2,6.574912071228
100593,1,9.043410301208
100594,2,8.204415798187
100595,1,10.995222091675
100596,2,6.961216449738
100597,1,10.092659473419
100598,2,8.467499732971
100599,1,7.107614994049
100600,2,8.229263305664
100601,1,9.106271743774
100602,2,5.740295410156
100603,1,8.708936452866
100604,2,7.565434455872
100605,1,7.759937763214
100606,2,7.667653560638
100607,1,10.523922920227
100608,2,7.849802017212
100609,1,7.950387954712
100610,2,8.565470695496
100611,1,8.585244178772
100612,2,6.740808010101
100613,1,8.290002346039
100614,2,7.091839790344
100615,1,10.287010192871
100616,2,8.288136482239
100617,1,9.834742069244
100618,2,6.420813798904
100619,1,10.729242324829
100620,2,8.978273868561
100621,1,9.133115291595
100622,2,7.56840467453
100623,1,8.152168273926
100624,2,7.415185451508
100625,1,10.421549320221
100626,2,7.619360923767
100627,1,10.257412433624
100628,2,5.520200967789
100629,1,9.410288333893
100630,2,6.574726581573
100631,1,9.59276008606
100632,2,5.8266685009
100633,1,10.709905147552
100634,2,6.809640407562
100635,1,10.392332553864
100636,2,7.733511924744
100637,1,10.339153766632
100638,2,7.309735298157
100639,1,11.326457977295
100640,2,8.776603221893
100641,1,10.569225311279
100642,2,6.114147186279
100643,1,7.799003839493
100644,2,6.140233516693
100645,1,9.880770206451
100646,2,4.09279859066
100647,1,9.572129249573
100648,2,5.321395397186
100649,1,8.547477722168
100650,2,8.752273082733
100651,1,10.303601741791
100652,2,6.345491409302
100653,1,8.49941778183
100654,2,7.261341571808
100655,1,9.700600624084
100656,2,7.228994369507
100657,1,11.218446731567
100658,2,7.84135723114
100659,1,9.115752220154
100660,2,7.925532341003
100661,1,9.941244125366
100662,2,5.200748920441
100663,1,9.10119342804
100664,2,6.557106494904
100665,1,7.614835739136
100666,2,8.34912443161
100667,1,9.986337184906
100668,2,5.910541296005
100669,1,8.178669691086
100670,2,6.280441999435
100671,1,9.34267282486
100672,2,7.015481472015
100673,1,10.331181526184
100674,2,6.3861951828
100675,1,9.856112480164
100676,2,5.910508871078
100677,1,8.63334274292
100678,2,7.165156841278
100679,1,8.111301660538
100680,2,7.370259284973
100681,1,7.799959897995
100682,2,10.729340553284
100683,1,9.026259422302
100684,2,6.576987266541
100685,1,7.980440139771
100686,2,6.714336395264
100687,1,8.756419897079
100688,2,6.846947669983
100689,1,8.078567028046
100690,2,7.065383434296
100691,1,10.884335517883
100692,2,6.59054517746
100693,1,7.852786064148
100694,2,7.167098045349
100695,1,7.834739685059
100696,2,6.117476701736
100697,1,9.750488758087
100698,2,7.405590057373
100699,1,8.124295473099
100700,2,7.296104431152
100701,1,12.13463973999
100702,2,11.01807975769
100703,1,8.727470874786
100704,2,6.697804450989
100705,1,8.909288883209
100706,2,6.402434825897
100707,1,9.608926296234
100708,2,6.573243141174
100709,1,9.479581832886
100710,2,7.153193950653
100711,1,7.432263612747
100712,2,6.4128947258
100713,1,9.057619094849
100714,2,4.271768212318
100715,1,10.100034236908
100716,2,8.256077289581
100717,1,8.787794351578
100718,2,7.918721199036
100719,1,10.660440444946
100720,2,6.065453052521
100721,1,8.340005397797
100722,2,6.250417947769
100723,1,10.146607875824
100724,2,8.95921087265
100725,1,9.445595264435
100726,2,6.564100265503
100727,1,8.377637386322
100728,2,8.190433502197
100729,1,8.702978610992
100730,2,7.795976638794
100731,1,10.798729896545
100732,2,7.471568584442
100733,1,6.715644240379
100734,2,5.256730556488
100735,1,8.424353122711
100736,2,7.372745990753
100737,1,11.34595489502
100738,2,5.976415634155
100739,1,8.421029567719
100740,2,7.409866333008
100741,1,7.70654630661
100742,2,7.163116931915
100743,1,9.447247982025
100744,2,5.292417049408
100745,1,8.668297052383
100746,2,7.444443702698
100747,1,7.466605901718
100748,2,5.969987869263
100749,1,8.886741876602
100750,2,7.323372364044
100751,1,7.091164827347
100752,2,5.346049785614
100753,1,8.52971124649
100754,2,7.444407463074
100755,1,8.970068454742
100756,2,7.445927143097
100757,1,9.760630130768
100758,2,5.701947450638
100759,1,9.240346908569
100760,2,2.559517383575
100761,1,5.661232471466
100762,2,7.470158576965
100763,1,9.365629196167
100764,2,7.238431453705
100765,1,10.840547561646
100766,2,7.708967685699
100767,1,10.452142238617
100768,2,6.977998733521
100769,1,10.393271923065
100770,2,6.959876060486
100771,1,8.40705704689
100772,2,5.983932733536
100773,1,9.842384338379
100774,2,7.248227596283
100775,1,8.82794713974
100776,2,7.860586643219
100777,1,8.930968284607
100778,2,7.813122749329
100779,1,7.350119113922
100780,2,4.467498421669
100781,1,10.314663887024
100782,2,6.115460157394
100783,1,8.470211744308
100784,2,7.970702171326
100785,1,12.678045272827
100786,2,7.322834968567
100787,1,10.002775192261
100788,2,6.439708471298
100789,1,8.31750202179
100790,2,6.721212863922
100791,1,10.700898170471
100792,2,4.674742698669
100793,1,10.655672073364
100794,2,5.616979122162
100795,1,9.655099391937
100796,2,7.327464103699
100797,1,8.813199281693
100798,2,6.789315700531
100799,1,10.760302066803
100800,2,8.784811496735
100801,1,8.824857950211
100802,2,7.097311973572
100803,1,9.099971294403
100804,2,6.092973470688
100805,1,8.267953872681
100806,2,7.451580524445
100807,1,9.747437477112
100808,2,8.70231628418
100809,1,9.142451286316
100810,2,6.298107862473
100811,1,7.888137340546
100812,2,9.182479858398
100813,1,8.441117525101
100814,2,5.15544462204
100815,1,11.035021305084
100816,2,8.959325313568
100817,1,10.455551624298
100818,2,5.295964241028
100819,1,7.714866399765
100820,2,4.719188451767
100821,1,8.465969085693
100822,2,7.239046096802
100823,1,9.865637779236
100824,2,6.340835809708
100825,1,9.078239440918
100826,2,7.346570968628
100827,1,10.156063556671
100828,2,7.665112018585
100829,1,8.395394802094
100830,2,5.345459222794
100831,1,8.828077316284
100832,2,6.250693798065
100833,1,9.74413394928
100834,2,6.229326725006
100835,1,9.889271259308
100836,2,5.813062429428
100837,1,8.391474246979
100838,2,6.660322189331
100839,1,8.764491319656
100840,2,8.458689689636
100841,1,8.088203430176
100842,2,6.439061403275
100843,1,9.833584308624
100844,2,5.999962568283
100845,1,8.80669927597
100846,2,5.762450456619
100847,1,8.119765758514
100848,2,8.701174736023
100849,1,8.277640581131
100850,2,8.98517370224
100851,1,9.328091621399
100852,2,6.903568744659
100853,1,8.855172872543
100854,2,8.498142719269
100855,1,7.883560180664
100856,2,6.973462104797
100857,1,10.170852184296
100858,2,7.949201583862
100859,1,7.101295948029
100860,2,6.635510921478
100861,1,8.973291397095
100862,2,8.182572364807
100863,1,8.270397663116
100864,2,6.036896705627
100865,1,8.826020717621
100866,2,4.30291056633
100867,1,8.158934831619
100868,2,6.348590373993
100869,1,7.847980499268
100870,2,7.241438865662
100871,1,7.5239777565
100872,2,8.571002006531
100873,1,9.731153964996
100874,2,6.613745212555
100875,1,8.489295721054
100876,2,6.994849681854
100877,1,10.425359725952
100878,2,5.820635318756
100879,1,9.325320243835
100880,2,5.671081542969
100881,1,9.267681598663
100882,2,8.16251707077
100883,1,8.495422840118
100884,2,7.171960830688
100885,1,8.879424333572
100886,2,7.517006874084
100887,1,8.76794219017
100888,2,6.981905460358
100889,1,10.218259811401
100890,2,6.032979726791
100891,1,8.979737758636
100892,2,8.059680938721
100893,1,10.731986999512
100894,2,6.371765613556
100895,1,9.601092815399
100896,2,6.266314268112
100897,1,7.315924167633
100898,2,4.276282787323
100899,1,8.648248672485
100900,2,6.305354118347
100901,1,8.661890029907
100902,2,6.147070169449
100903,1,11.072988510132
100904,2,8.080307483673
100905,1,10.608891963959
100906,2,5.277219295502
100907,1,11.205466270447
100908,2,5.448650836945
100909,1,10.25382566452
100910,2,7.588542938232
100911,1,9.744248390198
100912,2,6.449320316315
100913,1,7.66887140274
100914,2,5.273642063141
100915,1,10.020646095276
100916,2,5.216638565063
100917,1,8.070004940033
100918,2,6.30485868454
100919,1,8.553313493729
100920,2,7.555330276489
100921,1,7.778728961945
100922,2,5.933102369308
100923,1,8.522244930267
100924,2,5.966771125793
100925,1,10.674012184143
100926,2,5.411796569824
100927,1,10.119772434235
100928,2,7.848315238953
100929,1,8.572965621948
100930,2,7.187931537628
100931,1,9.573237895966
100932,2,7.848072052002
100933,1,9.189264297485
100934,2,5.658231735229
100935,1,11.0623960495
100936,2,7.459186553955
100937,1,8.678305864334
100938,2,7.270699977875
100939,1,6.866986036301
100940,2,4.483775258064
100941,1,10.372093677521
100942,2,5.43699669838
100943,1,8.171228647232
100944,2,5.852409362793
100945,1,9.344848632812
100946,2,7.400075435638
100947,1,9.214776515961
100948,2,7.383356571198
100949,1,10.499061584473
100950,2,6.642176628113
100951,1,10.39358997345
100952,2,7.059250354767
100953,1,10.34645986557
100954,2,8.088367462158
100955,1,8.838619232178
100956,2,8.216012954712
100957,1,9.955496311188
100958,2,7.168531894684
100959,1,9.706467151642
100960,2,6.887439250946
100961,1,8.9738240242
100962,2,9.161465644836
100963,1,11.929493427277
100964,2,7.936311721802
100965,1,10.245060920715
100966,2,7.385844707489
100967,1,9.608836650848
100968,2,8.299137592316
100969,1,10.334098815918
100970,2,10.2008228302
100971,1,9.140068054199
100972,2,7.4154920578
100973,1,9.281176567078
100974,2,7.277216911316
100975,1,10.186410903931
100976,2,8.32777929306
100977,1,9.198371887207
100978,2,9.671624183655
100979,1,8.659532785416
100980,2,4.268109917641
100981,1,8.41845202446
100982,2,6.28835439682
100983,1,10.242312431335
100984,2,7.826850891113
100985,1,8.896130561829
100986,2,6.531002521515
100987,1,10.627097129822
100988,2,6.693311214447
100989,1,7.895265579224
100990,2,8.595173835754
100991,1,9.282464027405
100992,2,5.980799674988
100993,1,10.014300346375
100994,2,6.894030094147
100995,1,9.040191650391
100996,2,6.737969875336
100997,1,9.039011478424
100998,2,7.492494106293
100999,1,8.6207716465
101000,2,5.883119106293
110001,1,8.89037322998
110002,2,7.230787754059
110003,1,8.542382478714
110004,2,7.649562835693
110005,1,8.798290967941
110006,2,9.243399620056
110007,1,10.352935791016
110008,2,9.307459831238
110009,1,10.648536682129
110010,2,8.700240135193
110011,1,9.02193403244
110012,2,7.658777713776
110013,1,9.783942699432
110014,2,8.17076253891
110015,1,9.656018257141
110016,2,9.113926887512
110017,1,11.627252101898
110018,2,6.314084529877
110019,1,9.490858078003
110020,2,6.368298053741
110021,1,9.903604030609
110022,2,9.344093322754
110023,1,9.061953544617
110024,2,9.732600688934
110025,1,12.607221603394
110026,2,9.383192062378
110027,1,13.050267219543
110028,2,8.171471118927
110029,1,10.129736423492
110030,2,7.945861816406
110031,1,11.460433483124
110032,2,5.377045631409
110033,1,9.434152603149
110034,2,7.387199878693
110035,1,10.010241031647
110036,2,8.67897605896
110037,1,10.759659767151
110038,2,6.802153110504
110039,1,10.658807277679
110040,2,8.702860832214
110041,1,11.720849990845
110042,2,8.471775054932
110043,1,8.653651237488
110044,2,6.341400384903
110045,1,10.70281791687
110046,2,7.60711145401
110047,1,10.669887542725
110048,2,10.383505821228
110049,1,9.435516357422
110050,2,7.92689704895
110051,1,9.249833106995
110052,2,7.630115509033
110053,1,9.381589412689
110054,2,6.226425409317
110055,1,10.113715171814
110056,2,5.893804550171
110057,1,9.14927148819
110058,2,7.2713098526
110059,1,10.897866725922
110060,2,7.442710876465
110061,1,8.354148387909
110062,2,8.315875053406
110063,1,9.413527011871
110064,2,7.063673496246
110065,1,11.721318244934
110066,2,7.98094367981
110067,1,7.940723657608
110068,2,6.980578422546
110069,1,9.687298297882
110070,2,7.311518669128
110071,1,9.226158618927
110072,2,6.830293178558
110073,1,10.096593856812
110074,2,6.505246162415
110075,1,10.704537391663
110076,2,7.911703586578
110077,1,6.806924581528
110078,2,7.410582542419
110079,1,9.466197967529
110080,2,9.688566207886
110081,1,9.913176059723
110082,2,7.268471240997
110083,1,9.176561355591
110084,2,6.808974742889
110085,1,10.726479053497
110086,2,7.089887619019
110087,1,10.54063129425
110088,2,5.778312683105
110089,1,10.349740505219
110090,2,7.5153632164
110091,1,10.2149477005
110092,2,8.704501152039
110093,1,9.063388347626
110094,2,8.304932594299
110095,1,9.942085266113
110096,2,7.649521827698
110097,1,8.638766050339
110098,2,6.123325109482
110099,1,8.359865665436
110100,2,8.320315361023
110101,1,9.959351539612
110102,2,5.877632379532
110103,1,7.935290336609
110104,2,9.00159072876
110105,1,9.983901977539
110106,2,6.866539955139
110107,1,10.121782779694
110108,2,8.625721931458
110109,1,6.404924869537
110110,2,6.961000919342
110111,1,10.879685401917
110112,2,7.547419071198
110113,1,12.324398994446
110114,2,7.368394374847
110115,1,10.401149749756
110116,2,6.591785430908
110117,1,10.161700725555
110118,2,9.057856082916
110119,1,11.0447306633
110120,2,9.036396026611
110121,1,10.258449077606
110122,2,8.703616142273
110123,1,9.223263263702
110124,2,8.161471366882
110125,1,11.316211700439
110126,2,7.893764019012
110127,1,11.443385601044
110128,2,7.680921077728
110129,1,8.363081455231
110130,2,7.651573181152
110131,1,8.984789133072
110132,2,6.656680583954
110133,1,11.487792015076
110134,2,6.884807109833
110135,1,9.624176025391
110136,2,8.363914012909
110137,1,10.655416488647
110138,2,8.324174880981
110139,1,10.850375652313
110140,2,8.241606235504
110141,1,9.802604675293
110142,2,6.779312133789
110143,1,9.210554122925
110144,2,6.566329479218
110145,1,9.904031276703
110146,2,8.266506195068
110147,1,11.532770633698
110148,2,6.957856178284
110149,1,9.930788040161
110150,2,9.679569721222
110151,1,8.655108690262
110152,2,7.380613327026
110153,1,11.772582530975
110154,2,7.880808830261
110155,1,8.366868019104
110156,2,8.326337337494
110157,1,9.91957950592
110158,2,5.906692028046
110159,1,10.805928230286
110160,2,7.764392852783
110161,1,12.265396118164
110162,2,7.251267433167
110163,1,9.713293552399
110164,2,7.72275018692
110165,1,10.211248874664
110166,2,8.405955314636
110167,1,10.660914421082
110168,2,7.540737628937
110169,1,9.832468986511
110170,2,9.629205226898
110171,1,11.218544960022
110172,2,7.32187128067
110173,1,8.513646602631
110174,2,7.431859016418
110175,1,11.008565425873
110176,2,8.513259887695
110177,1,8.931519031525
110178,2,8.425582885742
110179,1,12.402586936951
110180,2,7.632138729095
110181,1,9.00682592392
110182,2,6.713072299957
110183,1,11.279822826385
110184,2,8.797493457794
110185,1,8.455418109894
110186,2,6.053494215012
110187,1,11.570734024048
110188,2,8.536269187927
110189,1,12.691638469696
110190,2,7.492137908936
110191,1,11.329936981201
110192,2,4.421838521957
110193,1,8.933938026428
110194,2,8.89631319046
110195,1,7.286610603333
110196,2,5.826145410538
110197,1,9.56486749649
110198,2,9.49751663208
110199,1,7.616363525391
110200,2,7.600768566132
110201,1,9.942586898804
110202,2,8.696455001831
110203,1,9.867630004883
110204,2,8.693841457367
110205,1,12.692701339722
110206,2,6.646816253662
110207,1,9.819818496704
110208,2,5.507282972336
110209,1,7.613382101059
110210,2,8.87651014328
110211,1,8.172850131989
110212,2,6.448269844055
110213,1,9.952465057373
110214,2,6.755742073059
110215,1,8.915540218353
110216,2,8.737966537476
110217,1,14.048906326294
110218,2,8.660616874695
110219,1,10.229058265686
110220,2,8.421006202698
110221,1,11.052676200867
110222,2,6.822468757629
110223,1,11.392236709595
110224,2,8.817703723907
110225,1,10.093583583832
110226,2,8.492517471313
110227,1,10.797957897186
110228,2,9.333708763123
110229,1,11.683640480042
110230,2,7.82412481308
110231,1,9.144153118134
110232,2,7.311813354492
110233,1,10.37828874588
110234,2,7.287494659424
110235,1,9.992658138275
110236,2,7.245446681976
110237,1,10.075127601624
110238,2,8.997120380402
110239,1,7.858110427856
110240,2,8.225615501404
110241,1,10.186938762665
110242,2,7.697626113892
110243,1,8.214443683624
110244,2,6.883466720581
110245,1,9.741816520691
110246,2,9.312722206116
110247,1,8.13495349884
110248,2,8.518308639526
110249,1,11.954464912415
110250,2,8.904703140259
110251,1,9.594886302948
110252,2,6.641738414764
110253,1,9.749514102936
110254,2,7.750713825226
110255,1,8.508667707443
110256,2,8.586703777313
110257,1,10.439556121826
110258,2,7.897036075592
110259,1,8.882863998413
110260,2,5.869290351868
110261,1,11.519678115845
110262,2,7.73125743866
110263,1,9.01000213623
110264,2,6.703568935394
110265,1,9.814104557037
110266,2,8.169032096863
110267,1,7.844702720642
110268,2,7.87357378006
110269,1,10.652846813202
110270,2,7.238044261932
110271,1,10.512269020081
110272,2,9.540551185608
110273,1,11.206374168396
110274,2,10.203639984131
110275,1,9.17162322998
110276,2,7.237236499786
110277,1,11.393404960632
110278,2,7.71818447113
110279,1,10.113417625427
110280,2,8.762313842773
110281,1,9.177788734436
110282,2,7.173226833344
110283,1,9.935750484467
110284,2,8.291107654572
110285,1,10.36123085022
110286,2,6.891253948212
110287,1,11.018437862396
110288,2,5.552508831024
110289,1,10.872448444366
110290,2,7.576360225677
110291,1,8.889125823975
110292,2,8.185957431793
110293,1,10.20133972168
110294,2,6.025881767273
110295,1,10.203327178955
110296,2,5.563877344131
110297,1,9.418081760406
110298,2,7.320087432861
110299,1,11.950544834137
110300,2,7.754424571991
110301,1,8.670526504517
110302,2,7.637971401215
110303,1,10.513467788696
110304,2,7.567460536957
110305,1,9.648748397827
110306,2,7.150591373444
110307,1,8.006625175476
110308,2,7.699203968048
110309,1,12.328900337219
110310,2,9.200392246246
110311,1,8.963981151581
110312,2,8.695209026337
110313,1,10.118233203888
110314,2,6.595358848572
110315,1,10.978790283203
110316,2,5.881010293961
110317,1,9.32307767868
110318,2,8.241677284241
110319,1,10.545421600342
110320,2,7.558960914612
110321,1,10.821893215179
110322,2,7.293664932251
110323,1,8.822699546814
110324,2,6.440332889557
110325,1,8.588428735733
110326,2,6.845870494843
110327,1,9.897537231445
110328,2,5.911461830139
110329,1,9.718261241913
110330,2,10.408991336823
110331,1,9.993124961853
110332,2,7.190292358398
110333,1,9.02192735672
110334,2,7.054497241974
110335,1,10.378229141235
110336,2,6.13064956665
110337,1,10.137590885162
110338,2,6.257661819458
110339,1,9.625030994415
110340,2,7.756013870239
110341,1,10.26171875
110342,2,7.255310058594
110343,1,8.678763866425
110344,2,8.596389770508
110345,1,10.74142074585
110346,2,8.619167804718
110347,1,12.419852256775
110348,2,7.641660690308
110349,1,9.422770023346
110350,2,7.015056610107
110351,1,9.589955806732
110352,2,7.039688110352
110353,1,9.523504734039
110354,2,6.976453781128
110355,1,11.897246837616
110356,2,7.884187698364
110357,1,10.427044391632
110358,2,7.66481256485
110359,1,10.253970146179
110360,2,8.366758346558
110361,1,9.528831958771
110362,2,5.375987291336
110363,1,8.389039993286
110364,2,7.425220489502
110365,1,8.142814159393
110366,2,6.776292800903
110367,1,10.509333610535
110368,2,6.036254882812
110369,1,8.967569589615
110370,2,8.614284038544
110371,1,10.50232219696
110372,2,7.801067352295
110373,1,6.301119923592
110374,2,7.510506153107
110375,1,10.757046222687
110376,2,7.752618789673
110377,1,10.812804222107
110378,2,6.759647369385
110379,1,11.2557721138
110380,2,7.698031425476
110381,1,11.024092674255
110382,2,8.839068412781
110383,1,10.167824268341
110384,2,8.808526039124
110385,1,8.850551843643
110386,2,7.549116134644
110387,1,9.202220439911
110388,2,6.97357749939
110389,1,8.218183040619
110390,2,8.611241340637
110391,1,12.331755638123
110392,2,7.935321807861
110393,1,9.973298549652
110394,2,6.257724761963
110395,1,11.737644195557
110396,2,6.174659729004
110397,1,8.948916435242
110398,2,8.179770469666
110399,1,10.186634063721
110400,2,6.379971504211
110401,1,10.678764820099
110402,2,6.057049512863
110403,1,10.371804237366
110404,2,6.925906658173
110405,1,11.158351898193
110406,2,6.360598564148
110407,1,10.157696247101
110408,2,7.197061538696
110409,1,10.46001625061
110410,2,6.149014472961
110411,1,12.224752426147
110412,2,8.004086494446
110413,1,8.560893535614
110414,2,8.775233268738
110415,1,10.463784217834
110416,2,7.899334907532
110417,1,11.462309837341
110418,2,5.097718238831
110419,1,9.611090660095
110420,2,8.972999572754
110421,1,11.417828083038
110422,2,7.199305057526
110423,1,10.626386642456
110424,2,8.812563896179
110425,1,8.65561747551
110426,2,6.223890304565
110427,1,11.684223175049
110428,2,7.75074672699
110429,1,11.498501777649
110430,2,8.038774490356
110431,1,8.502328872681
110432,2,8.469165802002
110433,1,10.302266120911
110434,2,6.255776405334
110435,1,10.389850616455
110436,2,6.773067951202
110437,1,9.683579444885
110438,2,7.552833557129
110439,1,12.258230686188
110440,2,8.47162103653
110441,1,10.621840000153
110442,2,6.753325462341
110443,1,11.119410514832
110444,2,4.35858643055
110445,1,9.193408489227
110446,2,7.106929779053
110447,1,9.03244638443
110448,2,7.324656963348
110449,1,9.995862483978
110450,2,7.976153850555
110451,1,10.962072849274
110452,2,8.942333221436
110453,1,10.087140083313
110454,2,6.027037143707
110455,1,12.007567405701
110456,2,9.586590766907
110457,1,10.919503211975
110458,2,6.669278144836
110459,1,9.919078350067
110460,2,7.902609348297
110461,1,10.996364593506
110462,2,8.656292438507
110463,1,11.361293315887
110464,2,5.873152971268
110465,1,7.583463907242
110466,2,7.104814052582
110467,1,10.640400886536
110468,2,6.221481323242
110469,1,11.240895748138
110470,2,7.735870838165
110471,1,8.771111965179
110472,2,8.437711238861
110473,1,11.404878616333
110474,2,8.236201286316
110475,1,10.789458274841
110476,2,7.704173564911
110477,1,7.378986358643
110478,2,7.32120513916
110479,1,9.811092376709
110480,2,8.087236404419
110481,1,8.938045501709
110482,2,3.503155708313
110483,1,10.240743637085
110484,2,6.78329372406
110485,1,9.508953094482
110486,2,7.762257575989
110487,1,8.078016519547
110488,2,7.367695808411
110489,1,10.311336517334
110490,2,7.685230731964
110491,1,10.224447250366
110492,2,7.473506450653
110493,1,11.029489040375
110494,2,8.929235458374
110495,1,9.326417922974
110496,2,7.519012451172
110497,1,9.280233383179
110498,2,7.847681045532
110499,1,9.913019180298
110500,2,7.441494941711
110501,1,8.536358594894
110502,2,10.585824966431
110503,1,11.900165557861
110504,2,5.918344736099
110505,1,10.159156799316
110506,2,6.913358211517
110507,1,10.17634677887
110508,2,7.074139595032
110509,1,9.053101062775
110510,2,5.774035930634
110511,1,9.424172401428
110512,2,6.927533626556
110513,1,10.410903453827
110514,2,6.52748632431
110515,1,11.700912475586
110516,2,8.314538955688
110517,1,9.179879188538
110518,2,7.847175598145
110519,1,11.733785629272
110520,2,7.008353233337
110521,1,8.902031183243
110522,2,5.328874588013
110523,1,11.122006416321
110524,2,7.467533111572
110525,1,9.975395202637
110526,2,7.630683422089
110527,1,10.516552448273
110528,2,5.842275857925
110529,1,11.979366779327
110530,2,8.570157527924
110531,1,10.782890319824
110532,2,7.16223192215
110533,1,8.915832042694
110534,2,6.601013183594
110535,1,11.139908313751
110536,2,4.778614044189
110537,1,9.072995662689
110538,2,8.619289875031
110539,1,11.213877677917
110540,2,6.080372095108
110541,1,9.296990871429
110542,2,7.714700222015
110543,1,9.951495170593
110544,2,5.543191432953
110545,1,10.441288948059
110546,2,6.41894197464
110547,1,9.873570919037
110548,2,6.055029392242
110549,1,10.884799480438
110550,2,8.450302600861
110551,1,10.045990943909
110552,2,7.078922271729
110553,1,9.448316574097
110554,2,7.180313110352
110555,1,10.968421459198
110556,2,9.128234863281
110557,1,10.477766990662
110558,2,7.481615066528
110559,1,12.792757987976
110560,2,8.180510044098
110561,1,7.711889505386
110562,2,6.300703287125
110563,1,9.557930469513
110564,2,8.372776508331
110565,1,12.128418445587
110566,2,6.382623672485
110567,1,10.790419101715
110568,2,4.814876556396
110569,1,9.123308181763
110570,2,7.183444499969
110571,1,11.236571788788
110572,2,7.807422161102
110573,1,8.615252971649
110574,2,8.144530296326
110575,1,8.858726024628
110576,2,7.084637641907
110577,1,7.484247207642
110578,2,6.701570034027
110579,1,8.708853721619
110580,2,7.177828788757
110581,1,9.702432632446
110582,2,8.389019489288
110583,1,11.80778169632
110584,2,9.951125144958
110585,1,9.461068153381
110586,2,8.51344871521
110587,1,9.300824642181
110588,2,7.191236972809
110589,1,10.481416702271
110590,2,5.807262420654
110591,1,7.704324245453
110592,2,8.082281589508
110593,1,9.392171859741
110594,2,7.179890155792
110595,1,9.739080905914
110596,2,6.107882738113
110597,1,7.473128318787
110598,2,5.325122117996
110599,1,10.107676029205
110600,2,6.548732757568
110601,1,10.128446578979
110602,2,8.28635263443
110603,1,9.676320075989
110604,2,7.378811359406
110605,1,11.711781978607
110606,2,7.226334095001
110607,1,11.530516147614
110608,2,8.494740486145
110609,1,9.462159156799
110610,2,8.348469734192
110611,1,11.316294193268
110612,2,6.517262935638
110613,1,10.813724517822
110614,2,9.108574867249
110615,1,10.408367156982
110616,2,6.141414165497
110617,1,8.61736869812
110618,2,7.62104177475
110619,1,8.987318992615
110620,2,8.004711151123
110621,1,11.380676746368
110622,2,7.609049320221
110623,1,8.340896606445
110624,2,7.579747676849
110625,1,10.024772644043
110626,2,5.425154685974
110627,1,9.603911399841
110628,2,7.041701316833
110629,1,8.855050802231
110630,2,6.426793336868
110631,1,9.612570285797
110632,2,5.371649980545
110633,1,9.722902297974
110634,2,9.061022281647
110635,1,10.179734230042
110636,2,8.449325561523
110637,1,9.060370922089
110638,2,5.923655033112
110639,1,10.430661201477
110640,2,6.395933628082
110641,1,9.822472572327
110642,2,4.796082019806
110643,1,9.986866950989
110644,2,4.761185407639
110645,1,8.392696380615
110646,2,8.876812458038
110647,1,9.626813411713
110648,2,7.174066066742
110649,1,7.270096302032
110650,2,5.866530656815
110651,1,11.141494750977
110652,2,7.927959442139
110653,1,11.554110050201
110654,2,7.371136188507
110655,1,8.863424777985
110656,2,6.914113998413
110657,1,10.381405353546
110658,2,6.783638477325
110659,1,9.97389125824
110660,2,8.782715320587
110661,1,9.021090984344
110662,2,8.107977867126
110663,1,9.26370716095
110664,2,7.578125
110665,1,10.545036315918
110666,2,8.090456008911
110667,1,11.119876861572
110668,2,5.815204381943
110669,1,10.344475746155
110670,2,8.688676834106
110671,1,10.074773311615
110672,2,6.613471508026
110673,1,9.817371368408
110674,2,8.639929294586
110675,1,9.26204252243
110676,2,9.290842533112
110677,1,10.139431476593
110678,2,7.513606071472
110679,1,9.827489376068
110680,2,7.162425041199
110681,1,9.546154499054
110682,2,7.750670433044
110683,1,8.741979122162
110684,2,6.11199259758
110685,1,9.685496330261
110686,2,8.347376823425
110687,1,8.786630630493
110688,2,7.391170501709
110689,1,10.191383361816
110690,2,5.887505054474
110691,1,10.968134880066
110692,2,7.86874961853
110693,1,9.720677375793
110694,2,6.090988636017
110695,1,9.663306236267
110696,2,7.013087272644
110697,1,12.898392677307
110698,2,8.527505874634
110699,1,10.348028182983
110700,2,6.479475021362
110701,1,10.309824943542
110702,2,6.299973726273
110703,1,10.174397468567
110704,2,7.479841709137
110705,1,7.194977998734
110706,2,7.949110984802
110707,1,9.176846504211
110708,2,5.180975437164
110709,1,9.014707565308
110710,2,5.838383674622
110711,1,10.434485912323
110712,2,6.461680412292
110713,1,11.053426265717
110714,2,6.893593788147
110715,1,9.116268157959
110716,2,6.836310386658
110717,1,8.655923604965
110718,2,6.337563514709
110719,1,10.808611869812
110720,2,8.809668064117
110721,1,10.391919136047
110722,2,8.394477367401
110723,1,11.883487701416
110724,2,9.096731185913
110725,1,12.23505115509
110726,2,7.522226810455
110727,1,9.841293334961
110728,2,8.147285461426
110729,1,10.650606632233
110730,2,7.054756164551
110731,1,10.073394775391
110732,2,8.976900100708
110733,1,10.31632900238
110734,2,6.584336280823
110735,1,11.516822814941
110736,2,6.653635025024
110737,1,8.768456935883
110738,2,6.191472768784
110739,1,9.898243904114
110740,2,5.96674990654
110741,1,10.487972736359
110742,2,9.066954135895
110743,1,11.060064792633
110744,2,6.443192243576
110745,1,9.521811962128
110746,2,7.44658946991
110747,1,6.387471437454
110748,2,8.235637187958
110749,1,9.113279342651
110750,2,7.684230804443
110751,1,8.180213928223
110752,2,7.912971496582
110753,1,10.455424785614
110754,2,6.421116828918
110755,1,10.673429489136
110756,2,5.998734474182
110757,1,9.698637485504
110758,2,8.125370025635
110759,1,10.873138427734
110760,2,8.682155132294
110761,1,10.005424976349
110762,2,9.555896759033
110763,1,11.487447738647
110764,2,8.308706760406
110765,1,9.183524131775
110766,2,6.399157047272
110767,1,9.142679691315
110768,2,5.821813821793
110769,1,9.639896392822
110770,2,4.784493923187
110771,1,10.792729377747
110772,2,7.299790382385
110773,1,9.404692649841
110774,2,5.99440908432
110775,1,10.476748943329
110776,2,7.069190979004
110777,1,11.583477497101
110778,2,11.503151893616
110779,1,8.311982154846
110780,2,8.02788734436
110781,1,10.288770675659
110782,2,9.829424858093
110783,1,11.637823581696
110784,2,7.200472831726
110785,1,10.570536613464
110786,2,6.693542003632
110787,1,8.93389081955
110788,2,7.199203014374
110789,1,10.050129890442
110790,2,4.513305664062
110791,1,8.867350816727
110792,2,9.17217206955
110793,1,10.874011039734
110794,2,9.074956893921
110795,1,9.642575740814
110796,2,6.425511837006
110797,1,10.312641620636
110798,2,9.459118366241
110799,1,8.681295394897
110800,2,7.142037391663
110801,1,10.560168266296
110802,2,7.647019863129
110803,1,11.173076629639
110804,2,7.964755058289
110805,1,11.095993041992
110806,2,9.414313793182
110807,1,8.756736755371
110808,2,6.497304677963
110809,1,11.478059768677
110810,2,7.846399784088
110811,1,8.867936134338
110812,2,7.489545345306
110813,1,8.854058742523
110814,2,8.753572463989
110815,1,10.229733943939
110816,2,5.584788322449
110817,1,9.031265258789
110818,2,6.35172700882
110819,1,7.283387422562
110820,2,6.737646579742
110821,1,8.6637840271
110822,2,8.725605010986
110823,1,9.714351177216
110824,2,5.516495943069
110825,1,6.901835203171
110826,2,6.228681564331
110827,1,10.312278747559
110828,2,6.68487739563
110829,1,7.891188621521
110830,2,7.141550064087
110831,1,9.705246448517
110832,2,6.734308719635
110833,1,8.740999698639
110834,2,6.334493160248
110835,1,9.006061553955
110836,2,7.679579257965
110837,1,8.790055990219
110838,2,7.256300926208
110839,1,10.753379821777
110840,2,6.06834936142
110841,1,10.595238208771
110842,2,6.677857398987
110843,1,10.30864572525
110844,2,6.198524236679
110845,1,10.203876495361
110846,2,9.560314655304
110847,1,10.040263175964
110848,2,7.766401767731
110849,1,8.166685581207
110850,2,8.910397529602
110851,1,8.657136440277
110852,2,7.491550445557
110853,1,11.180388450623
110854,2,4.164813756943
110855,1,9.397526741028
110856,2,6.214888095856
110857,1,9.204400539398
110858,2,5.459740638733
110859,1,9.909529685974
110860,2,8.207688331604
110861,1,7.953805208206
110862,2,6.31113243103
110863,1,9.589877128601
110864,2,6.156004428864
110865,1,9.974717617035
110866,2,7.752581596375
110867,1,8.819961309433
110868,2,5.517697572708
110869,1,10.550394058228
110870,2,8.080135822296
110871,1,10.12229013443
110872,2,7.258201122284
110873,1,9.237724304199
110874,2,8.511009216309
110875,1,10.31241941452
110876,2,6.339218616486
110877,1,10.611522674561
110878,2,6.931384086609
110879,1,9.634759426117
110880,2,6.550665855408
110881,1,9.585976600647
110882,2,8.224385738373
110883,1,9.947107791901
110884,2,7.356804847717
110885,1,10.015002250671
110886,2,8.519150733948
110887,1,7.196235179901
110888,2,5.586670637131
110889,1,10.528610706329
110890,2,5.705559015274
110891,1,11.529438972473
110892,2,5.79972577095
110893,1,7.653039455414
110894,2,6.034411668777
110895,1,8.741327762604
110896,2,7.841588020325
110897,1,10.855671882629
110898,2,7.107197284698
110899,1,11.72971534729
110900,2,6.262967586517
110901,1,10.0588555336
110902,2,9.195398330688
110903,1,8.230000019073
110904,2,7.77542257309
110905,1,9.134686946869
110906,2,7.389787197113
110907,1,10.244713783264
110908,2,7.157180309296
110909,1,9.120501041412
110910,2,5.656920433044
110911,1,10.9572930336
110912,2,7.650015830994
110913,1,11.929657936096
110914,2,6.88734292984
110915,1,8.931497097015
110916,2,8.5090675354
110917,1,8.474218845367
110918,2,8.563959121704
110919,1,12.657879829407
110920,2,6.904348373413
110921,1,9.131841182709
110922,2,8.301755905151
110923,1,8.927869796753
110924,2,6.869478225708
110925,1,11.492206096649
110926,2,6.797103881836
110927,1,10.313498020172
110928,2,7.541093349457
110929,1,10.459753036499
110930,2,6.870841026306
110931,1,11.154899120331
110932,2,7.307458400726
110933,1,7.929561853409
110934,2,7.187500953674
110935,1,10.630954265594
110936,2,8.155515670776
110937,1,11.178045272827
110938,2,6.855555534363
110939,1,9.869708538055
110940,2,6.685354232788
110941,1,8.958019733429
110942,2,9.365549564362
110943,1,7.704541444778
110944,2,6.206788063049
110945,1,9.318652153015
110946,2,6.712430477142
110947,1,8.840353488922
110948,2,8.266085624695
110949,1,11.633912563324
110950,2,7.271958827972
110951,1,9.57090139389
110952,2,7.872351169586
110953,1,9.719505786896
110954,2,9.438374042511
110955,1,10.464929103851
110956,2,6.417404413223
110957,1,9.939518928528
110958,2,5.803307533264
110959,1,11.291193962097
110960,2,6.959676265717
110961,1,9.021821975708
110962,2,5.949816465378
110963,1,11.440625667572
110964,2,8.786748886108
110965,1,10.577506065369
110966,2,8.495277404785
110967,1,11.98716878891
110968,2,6.803158760071
110969,1,11.197148323059
110970,2,5.549767971039
110971,1,8.006859540939
110972,2,8.679928302765
110973,1,10.378634929657
110974,2,6.635258674622
110975,1,9.010193347931
110976,2,7.920647144318
110977,1,9.822173118591
110978,2,7.026034832001
110979,1,12.199211597443
110980,2,7.612678527832
110981,1,8.132174253464
110982,2,7.900615215302
110983,1,10.229307174683
110984,2,5.018299102783
110985,1,9.503008842468
110986,2,7.660281658173
110987,1,10.409195899963
110988,2,6.1488904953
110989,1,8.394928216934
110990,2,6.467233896255
110991,1,9.223286628723
110992,2,7.513320446014
110993,1,9.543387889862
110994,2,9.6463098526
110995,1,6.97320497036
110996,2,8.516795158386
110997,1,9.904633045197
110998,2,9.010042190552
110999,1,9.130096912384
111000,2,9.366296768188
