0.5886659
0.6551472
0.6618613
0.7188342
0.7465513
0.7700438
0.7755461
0.7957767
0.83033
0.8355604
0.8574049
0.8646555
0.8718028
0.9049712
0.899016
0.8781022
0.895643
0.9182609
0.9150339
0.9390378
0.9278026
0.9614282
0.9090823
0.8831793
0.9152366
0.9756551
0.977811
0.9850677
0.9897348
1.028665
1.099829
1.000309
0.9390128
0.9640082
1.043532
1.003723
1.021037
1.02357
1.015764
0.9570834
0.9242791
0.9965905
0.9938206
0.9493223
0.9805566
0.9453432
0.9226133
0.9198582
0.8928404
0.9111039
0.9900119
1.038812
0.963932
0.9494483
1.000492
0.991253
0.9880104
1.028495
1.035424
0.9494641
0.9985133
0.9545099
1.001263
0.9639363
0.9503204
1.015927
0.992243
0.9650221
1.025912
1.096371
1.119418
1.051922
1.072167
1.059976
1.054223
1.033363
0.9556488
0.934949
0.9720567
0.9924354
0.9812663
0.965563
0.9438976
0.9338255
0.9746252
0.9467024
0.9783065
1.014643
1.036643
1.030574
0.956203
0.9884298
0.9668183
0.9792478
0.9304324
0.9301861
0.865953
0.946072
1.010747
1.070173
1.034946
1.010822
0.9804138
0.9532643
0.9933674
0.944149
0.9609177
0.9848773
0.9961038
0.9761728
0.9930893
1.006946
0.9888469
1.023613
1.018338
1.104813
1.0162
1.00828
1.005096
0.9649333
0.9352783
0.9480308
0.9498483
0.9611083
0.9785011
1.058078
0.9943666
0.979979
1.029279
1.052886
1.042394
1.043297
0.9654195
1.003141
1.017971
0.9587891
1.038531
0.9954891
1.039428
0.9877071
0.9923084
0.9737098
1.001476
0.9837829
0.9974002
1.048449
1.038688
1.015547
1.076146
1.069809
1.091478
1.048491
1.050964
1.048093
0.9958047
0.9733716
0.999549
1.027457
0.9918753
0.9764593
0.9887601
0.9683798
0.9925111
1.040373
1.02643
1.000194
1.044831
1.04552
1.013559
1.028992
1.028582
1.061137
1.047073
1.031067
1.047486
1.059531
1.023544
1.06022
1.073497
1.042239
1.086683
1.061765
1.038153
1.005509
1.045572
1.068443
1.030722
1.029648
1.025773
1.011583
1.0525
0.9917134
0.9787521
0.9767817
0.9886114
0.9805474
0.9960238
0.9966111
1.075354
1.120565
1.151739
1.175871
1.136731
0.9940523
0.9997308
0.9292157
0.9373474
0.9346236
1.041786
1.01343
1.016145
1.053262
1.068089
1.052872
1.040322
1.058382
1.027311
1.073217
1.032782
1.058319
0.9825104
0.9947319
1.021597
1.02107
1.052553
1.057168
1.05751
0.9382662
1.007354
1.016526
1.014499
1.055485
1.054455
1.028319
1.004951
0.9883017
0.9641291
0.9983419
0.9548055
0.9484794
0.9749255
0.9938547
1.042165
1.150889
1.103543
1.086027
1.049948
1.117077
1.084967
1.076998
1.050935
1.020265
0.9610236
0.9854487
0.9294932
0.9847317
0.9924045
1.034503
1.01219
1.004557
0.95063
0.9935736
0.9996957
1.031737
1.074823
1.060786
1.047382
1.0712
1.028479
1.107822
1.059752
1.025171
1.052677
1.043986
1.026823
0.9937266
0.9774446
0.9655304
1.021917
1.023747
1.055506
1.107317
1.099585
1.129814
1.055185
1.052095
1.072123
1.105288
1.129268
1.181509
1.10079
1.037697
1.069529
1.078948
0.9997464
1.011851
0.995802
1.005963
1.016639
1.077774
1.119732
1.131074
1.086366
1.15569
1.159913
1.206426
1.194253
1.116734
1.083751
1.071173
1.07961
1.077022
1.072388
1.134341
1.171761
1.126006
1.072877
1.121639
1.092992
1.078327
1.081469
1.097086
1.0586
1.120789
1.228709
1.182451
1.21607
1.146883
1.190966
1.216643
1.191336
1.202127
1.174097
1.225053
1.144553
1.10863
1.071347
1.067694
1.026804
1.006559
0.9824433
1.028367
1.051285
1.130322
1.155804
1.146988
1.154616
1.253776
1.210206
1.137703
1.193346
1.113395
1.139339
1.16167
1.187444
1.186396
1.189422
1.160715
1.211652
1.180155
1.204565
1.169878
1.19119
1.276121
1.234685
1.289136
1.226468
1.203202
1.140876
1.105764
1.163138
1.174666
1.168802
1.182784
1.171395
1.186811
1.202601
1.186595
1.194715
1.145485
1.131014
1.079201
1.129535
1.090015
1.082142
1.105342
1.055021
1.068417
1.156727
1.146232
1.226194
1.223515
1.198557
1.179281
1.20504
1.111522
1.116759
1.143679
1.161837
1.214106
1.190309
1.148924
1.133157
1.100724
1.107604
1.070377
1.108262
1.143184
1.25595
1.251333
1.239671
1.207777
1.103377
1.12372
1.108932
1.095474
1.078929
1.092314
1.103368
1.078306
1.051205
1.041288
1.052893
1.088845
1.186335
1.247579
1.187148
1.129511
1.134685
1.20441
1.130024
1.116155
1.124002
1.047237
1.046214
1.035092
1.077436
1.125524
1.120838
1.095335
1.118072
1.080377
1.196223
1.117615
1.167482
1.110585
1.116385
1.100317
1.126048
1.116048
1.134298
1.145108
1.102743
1.147921
1.199556
1.126916
1.149924
1.156092
1.151415
1.113352
1.05611
1.029786
1.121568
1.163532
1.151818
1.111952
1.183794
1.167782
1.173863
1.098196
1.088409
1.182834
1.105818
1.103449
1.096506
1.133616
1.136962
1.100068
1.113251
1.116806
1.148582
1.189064
1.144833
1.216843
1.192786
1.191584
1.148289
1.129718
1.159054
1.155617
1.233697
1.177211
1.109223
1.156919
1.170079
1.097089
1.089468
1.113882
1.122674
1.146439
1.074703
1.128514
1.05738
1.091819
1.10387
1.036639
1.070816
1.186279
1.141431
1.175349
1.191801
1.118263
1.19055
1.160825
1.154153
1.156621
1.15069
1.124641
1.108095
1.135208
1.192101
1.222842
1.188375
1.248812
1.257174
1.237433
1.249945
1.167878
1.220361
1.185533
1.191876
1.1778
1.168134
1.11677
1.205359
1.150973
1.16204
1.176296
1.165539
1.159113
1.191322
1.209016
1.18907
1.231483
1.182344
1.167686
1.222192
1.177271
1.116616
1.073449
1.143769
1.134064
1.121557
1.064357
1.213455
1.219165
1.194432
1.135411
1.198939
1.234006
1.183126
1.156047
1.130881
1.091753
1.068265
1.073831
0.9787771
1.025414
1.017035
1.018993
1.054746
1.003884
1.011566
1.067017
1.06401
1.102138
1.095729
1.143777
1.111541
1.098528
1.120217
1.088655
1.084676
1.060177
1.036162
1.060067
1.115327
1.141903
1.116728
1.053471
1.081333
1.130299
1.056624
1.078504
1.050264
1.065697
1.102889
1.149118
1.135284
1.112264
1.141562
1.170355
1.125869
1.114466
1.109857
1.107133
1.150378
1.120597
1.171298
1.149202
1.114146
1.106496
1.167825
1.172912
1.15051
1.152741
1.120179
1.070842
1.091818
1.061128
1.12718
1.163028
1.152713
1.18059
1.180861
1.18925
1.210608
1.223789
1.220013
1.1666
1.15416
1.184776
1.180974
1.155904
1.194363
1.191051
1.157077
1.194809
1.235472
1.228564
1.174939
1.153091
1.164198
1.163477
1.140284
1.068394
1.128889
1.127728
1.135111
1.124543
1.170021
1.10021
1.119353
1.128007
1.13361
1.167545
1.232157
1.275108
1.246453
1.213892
1.21572
1.157026
1.18907
1.190449
1.167368
1.174986
1.21352
1.142896
1.214696
1.245282
1.30937
1.264229
1.29141
1.272642
1.267919
1.228972
1.263099
1.186771
1.237629
1.236996
1.22061
1.232921
1.226168
1.194123
1.192523
1.233715
1.274438
1.273397
1.164682
1.141719
1.1572
1.161254
1.172187
1.188887
1.17621
1.189483
1.236133
1.233093
1.243837
1.314476
1.217454
1.252179
1.274192
1.27995
1.240158
1.246213
1.241761
1.227865
1.251798
1.180436
1.19554
1.29013
1.246336
1.216402
1.147061
1.206678
1.192139
1.250952
1.212479
1.217655
1.177243
1.162629
1.218639
1.186288
1.147864
1.174146
1.146488
1.092106
1.116915
1.184135
1.177973
1.12105
1.102917
1.146035
1.106272
1.181817
1.145367
1.091946
1.061917
1.178387
1.129972
1.130049
1.06181
1.106943
1.132869
1.135498
1.153478
1.184912
1.193403
1.186764
1.134017
1.126647
1.137019
1.199635
1.176672
1.143256
1.124785
1.145504
1.144677
1.076955
1.080433
1.164208
1.14927
1.093943
1.133163
1.118905
1.049125
1.065971
1.080889
1.054684
1.122178
1.16534
1.151799
1.155556
1.210726
1.135866
1.190637
1.180435
1.168292
1.114202
1.153904
1.208192
1.212058
1.254409
1.324763
1.223935
1.203322
1.180868
1.123438
1.103217
1.154657
1.082748
1.179643
1.218148
1.150265
1.152715
1.160919
1.155818
1.195398
1.161769
1.105645
1.125586
1.175029
1.241135
1.189404
1.16619
1.185774
1.129925
1.115669
1.021083
1.111393
1.154789
1.173175
1.151303
1.185136
1.173661
1.158052
1.139752
1.154482
1.15401
1.214489
1.175455
1.195942
1.161891
1.139682
1.134697
1.082547
1.139691
1.12232
1.077703
1.032825
1.073758
1.10281
1.081384
1.039565
1.033107
1.066253
1.118822
1.108174
1.130536
1.082139
1.072653
1.058891
1.090567
1.044191
1.039529
1.042926
1.065689
1.084371
1.07379
1.077762
1.110379
1.04409
1.085807
1.073156
1.15469
1.085581
1.087276
1.059807
1.099456
1.105773
1.081828
1.128637
1.196068
1.044242
1.058475
1.028629
1.095645
1.0595
1.096112
1.10542
1.103693
1.163661
1.131989
1.126524
1.108301
1.191383
1.099093
1.175435
1.170871
1.193642
1.123432
1.163571
1.143213
1.152992
1.158075
1.228676
1.178214
1.257111
1.253094
1.238838
1.158128
1.143774
1.175814
1.158921
1.190055
1.170696
1.209692
1.243367
1.21939
1.11581
1.157194
1.177533
1.113032
1.166468
1.206131
1.251118
1.255199
1.321209
1.31077
1.233521
1.235816
1.266488
1.277394
1.29398
1.284833
1.291547
1.263755
1.260185
1.190563
1.205765
1.157333
1.132078
1.074164
1.073766
1.077688
1.091222
1.119793
1.113034
1.079966
1.028175
1.008551
1.104231
1.169947
1.249647
1.145125
1.102279
1.095518
1.052565
1.054275
1.099791
1.138333
1.124638
1.116256
1.153471
1.140866
1.190275
1.199011
1.154349
1.123373
1.109631
1.09657
1.099629
1.105758
1.153362
1.23733
1.170702
1.20413
1.181257
1.27129
1.203674
1.198713
1.162635
1.115289
1.064761
1.145915
1.182039
1.189672
1.1943
1.153079
1.19534
1.192032
1.187879
1.178239
1.145892
1.132328
1.128512
1.150471
1.167665
1.117303
1.180119
1.150305
1.201956
1.214212
1.27308
1.212972
1.284786
1.316196
1.273096
1.239921
1.305264
1.317965
1.231946
1.23172
1.182891
1.213586
1.242906
1.192799
1.213972
1.174573
