animal sire dam gen f sex feed tbv y
1 0 0 0 0 1 0 35.1166190832311 0
2 0 0 0 0 1 0 -1.81653158258104 0
3 0 0 0 0 1 0 8.73967249057148 0
4 0 0 0 0 1 0 7.15489357842678 0
5 0 0 0 0 1 0 12.5200646913737 0
6 0 0 0 0 1 0 14.8897606745446 0
7 0 0 0 0 1 0 29.5889448706436 0
8 0 0 0 0 1 0 0.801288501701997 0
9 0 0 0 0 1 0 9.90920008652678 0
10 0 0 0 0 1 0 8.75804517201575 0
11 0 0 0 0 1 0 17.1382599054681 0
12 0 0 0 0 1 0 -3.87180770172869 0
13 0 0 0 0 1 0 2.41326612709578 0
14 0 0 0 0 1 0 -7.72925364216518 0
15 0 0 0 0 1 0 -16.9763831290188 0
16 0 0 0 0 1 0 1.05033853792082 0
17 0 0 0 0 1 0 -12.2976122595785 0
18 0 0 0 0 1 0 -14.3507563416885 0
19 0 0 0 0 1 0 -0.990165805111635 0
20 0 0 0 0 1 0 -10.4139935430464 0
21 0 0 0 0 2 0 -2.26814332477821 0
22 0 0 0 0 2 0 5.67588963846292 0
23 0 0 0 0 2 0 17.852237875322 0
24 0 0 0 0 2 0 11.8431367994382 0
25 0 0 0 0 2 0 3.81107580838642 0
26 0 0 0 0 2 0 -14.6988013053397 0
27 0 0 0 0 2 0 -4.5462763812351 0
28 0 0 0 0 2 0 11.032158584521 0
29 0 0 0 0 2 0 1.27721109608311 0
30 0 0 0 0 2 0 -0.548897886118318 0
31 0 0 0 0 2 0 -24.6250272534782 0
32 0 0 0 0 2 0 19.5879921263236 0
33 0 0 0 0 2 0 -23.1015070565129 0
34 0 0 0 0 2 0 -13.5593257025471 0
35 0 0 0 0 2 0 15.9866858853354 0
36 0 0 0 0 2 0 13.3032017754217 0
37 0 0 0 0 2 0 14.3943047029609 0
38 0 0 0 0 2 0 9.28040813444023 0
39 0 0 0 0 2 0 -1.95711187482816 0
40 0 0 0 0 2 0 -0.89308885742024 0
41 0 0 0 0 2 0 -17.2220030364993 0
42 0 0 0 0 2 0 -23.5156759440688 0
43 0 0 0 0 2 0 -0.474752135618227 0
44 0 0 0 0 2 0 -2.46873430014617 0
45 0 0 0 0 2 0 18.0089329634813 0
46 0 0 0 0 2 0 8.95005538823728 0
47 0 0 0 0 2 0 -11.3166238114629 0
48 0 0 0 0 2 0 19.5694935834369 0
49 0 0 0 0 2 0 -27.5394339500833 0
50 0 0 0 0 2 0 -8.89598800946828 0
51 0 0 0 0 2 0 38.8305591423135 0
52 0 0 0 0 2 0 1.45791402360332 0
53 0 0 0 0 2 0 3.36757214600482 0
54 0 0 0 0 2 0 -14.5636779912405 0
55 0 0 0 0 2 0 15.8202892085879 0
56 0 0 0 0 2 0 1.42349044107328 0
57 0 0 0 0 2 0 -0.518223001859583 0
58 0 0 0 0 2 0 20.8742511918896 0
59 0 0 0 0 2 0 5.07590076019999 0
60 0 0 0 0 2 0 6.81783047506103 0
61 0 0 0 0 2 0 0.282108037008989 0
62 0 0 0 0 2 0 3.6552209889898 0
63 0 0 0 0 2 0 13.5178850148646 0
64 0 0 0 0 2 0 -13.4860848382699 0
65 0 0 0 0 2 0 -2.16994298010222 0
66 0 0 0 0 2 0 -10.4131430211807 0
67 0 0 0 0 2 0 -3.76568869312182 0
68 0 0 0 0 2 0 -23.7326752779856 0
69 0 0 0 0 2 0 26.0295216159366 0
70 0 0 0 0 2 0 14.205781586899 0
71 0 0 0 0 2 0 -31.2153298652883 0
72 0 0 0 0 2 0 5.85864968050811 0
73 0 0 0 0 2 0 1.23935112573618 0
74 0 0 0 0 2 0 -19.2899651070423 0
75 0 0 0 0 2 0 -28.364878530383 0
76 0 0 0 0 2 0 -0.975810195696658 0
77 0 0 0 0 2 0 -2.00742668132542 0
78 0 0 0 0 2 0 -6.75191176072205 0
79 0 0 0 0 2 0 -16.6749809487813 0
80 0 0 0 0 2 0 13.171776281296 0
81 0 0 0 0 2 0 -8.81700600627317 0
82 0 0 0 0 2 0 -9.09113485316056 0
83 0 0 0 0 2 0 7.24794554359864 0
84 0 0 0 0 2 0 -4.08078620262554 0
85 0 0 0 0 2 0 -43.8784341392003 0
86 0 0 0 0 2 0 8.60320257360165 0
87 0 0 0 0 2 0 9.78351232369072 0
88 0 0 0 0 2 0 -17.41057339087 0
89 0 0 0 0 2 0 -0.105852261821464 0
90 0 0 0 0 2 0 6.75117345051665 0
91 0 0 0 0 2 0 -1.86013564349097 0
92 0 0 0 0 2 0 6.01164455256471 0
93 0 0 0 0 2 0 11.7169165238471 0
94 0 0 0 0 2 0 -0.951476412124478 0
95 0 0 0 0 2 0 11.3837342589024 0
96 0 0 0 0 2 0 -16.9997001024864 0
97 0 0 0 0 2 0 15.661063076133 0
98 0 0 0 0 2 0 -36.6759949505657 0
99 0 0 0 0 2 0 -36.1222754608316 0
100 0 0 0 0 2 0 21.7877135040879 0
101 0 0 0 0 2 0 -0.439457660651655 0
102 0 0 0 0 2 0 27.6149566395703 0
103 0 0 0 0 2 0 -6.1065457541996 0
104 0 0 0 0 2 0 -26.0462592489511 0
105 0 0 0 0 2 0 17.1809768275276 0
106 0 0 0 0 2 0 -15.0918484099753 0
107 0 0 0 0 2 0 -9.57717419998633 0
108 0 0 0 0 2 0 -0.308036570478527 0
109 0 0 0 0 2 0 14.0164433916672 0
110 0 0 0 0 2 0 13.6857309629704 0
111 0 0 0 0 2 0 -9.86730636555949 0
112 0 0 0 0 2 0 42.3171972250724 0
113 0 0 0 0 2 0 -15.3379842867106 0
114 0 0 0 0 2 0 -12.0356961934771 0
115 0 0 0 0 2 0 -14.0629900040822 0
116 0 0 0 0 2 0 0.528505417342339 0
117 0 0 0 0 2 0 14.0299129248916 0
118 0 0 0 0 2 0 1.32226025472114 0
119 0 0 0 0 2 0 10.3083570350009 0
120 0 0 0 0 2 0 18.6448833037997 0
121 2 78 1 0 2 12.5 -15.3478128175095 371.171927188336
122 8 68 1 0 2 17.5 -10.8198393858868 360.227127192647
123 14 75 1 0 2 15 -27.792143499578 355.466028607811
124 9 56 1 0 1 17.5 18.3532637310014 408.696847030699
125 5 29 1 0 2 22.5 -3.74080622236457 365.460953664382
126 18 36 1 0 1 22.5 2.91914867374315 447.459199713141
127 9 67 1 0 1 15 -3.31052212045374 444.535613531354
128 11 21 1 0 2 10 4.73448745103876 403.07115018613
129 3 37 1 0 2 12.5 25.6743304226691 400.939760545052
130 10 84 1 0 2 17.5 1.6305728064965 363.668236098542
131 5 108 1 0 2 10 12.1034023583034 362.247549868804
132 5 46 1 0 1 10 18.6512332638934 446.169798755407
133 13 44 1 0 1 22.5 -2.07697248729342 463.758090110493
134 5 117 1 0 1 22.5 12.3265550093552 470.749451032532
135 11 102 1 0 2 12.5 25.9149466960347 420.677945548892
136 5 64 1 0 2 20 -0.89493350476055 366.78504374784
137 1 113 1 0 2 22.5 27.9235084654774 423.945388620894
138 8 85 1 0 1 20 -6.56250720817461 422.191748173342
139 13 110 1 0 1 17.5 23.9641553301366 469.194865852125
140 11 63 1 0 2 20 10.9164923380228 403.446597644056
141 17 86 1 0 2 10 8.70038075092282 389.789063190791
142 2 53 1 0 2 15 -0.650188781240096 382.380148544284
143 14 111 1 0 1 17.5 14.9078721859333 455.045825684499
144 5 31 1 0 1 25 -7.5057483484479 411.297200019944
145 14 40 1 0 1 22.5 -11.174142761814 425.421237072483
146 7 82 1 0 2 15 23.5665953881535 407.082440565842
147 8 81 1 0 2 10 -24.91549300045 370.649946469316
148 3 99 1 0 1 10 -10.292385302728 415.68504653728
149 6 50 1 0 1 22.5 3.98233905141539 399.329492793199
150 3 104 1 0 2 22.5 -3.98774837591092 326.724913294327
151 1 43 1 0 2 17.5 28.7566515001069 380.877379502812
152 13 97 1 0 2 25 -19.0883930232012 377.503883636115
153 14 66 1 0 1 12.5 -7.43078760861487 437.486179823137
154 1 74 1 0 1 25 9.95715682988993 434.770827258353
155 3 77 1 0 2 25 12.2190909946323 377.082276136471
156 6 24 1 0 1 20 23.1372025713039 485.566935294027
157 3 27 1 0 1 15 17.6543122625983 461.982966312286
158 2 88 1 0 2 22.5 2.02483061392395 395.576055178674
159 15 101 1 0 1 25 6.23785485159818 439.057919018403
160 5 62 1 0 2 25 -12.5738757258933 367.315458399358
161 3 118 1 0 2 20 -3.64881910037254 403.925297410526
162 14 45 1 0 1 25 2.5900358494311 406.624613500497
163 20 100 1 0 1 22.5 -15.8520675322699 398.292016416047
164 7 60 1 0 2 12.5 3.9190092233269 361.302583536188
165 11 69 1 0 2 20 19.9413003337227 400.689131000993
166 19 30 1 0 2 22.5 2.11465127871153 424.732384530509
167 4 41 1 0 2 25 1.6362361616684 404.372289215362
168 13 57 1 0 1 25 -21.0624987098332 382.987388601175
169 11 47 1 0 2 10 0.450575436968477 361.698417077552
170 7 48 1 0 2 25 44.8065204974076 457.704830565737
171 17 115 1 0 2 20 -21.2861832135639 377.17897576013
172 13 107 1 0 1 17.5 -9.81402392182857 431.77928600614
173 2 105 1 0 2 15 26.0154962201919 410.507044855655
174 6 25 1 0 2 20 15.1363268155469 416.260949535016
175 11 73 1 0 1 12.5 8.47807320173421 450.653511733827
176 10 95 1 0 1 20 -8.57505198854932 392.046695579079
177 1 116 1 0 2 17.5 27.1769544730333 425.004418616734
178 17 114 1 0 1 17.5 -20.5507106226723 406.570808722726
179 16 55 1 0 1 15 24.0257961014757 463.192675342024
180 16 26 1 0 2 25 -14.3498325710547 346.873252728025
181 4 109 1 0 2 15 1.95328921705242 334.210861469971
182 9 61 1 0 1 10 3.49739306650495 426.200353852572
183 3 106 1 0 2 15 -3.56414036821965 362.474280412004
184 18 87 1 0 1 25 -7.12282875013126 440.709994206976
185 2 54 1 0 2 17.5 -16.7139367773658 356.507572324704
186 1 42 1 0 2 12.5 6.54685844556058 382.706160372459
187 8 71 1 0 1 12.5 -28.4822274781064 384.132202475275
188 4 35 1 0 2 17.5 8.73636721185732 408.639357690558
189 19 58 1 0 1 17.5 8.09231973543293 429.556139413556
190 18 98 1 0 1 15 -21.4527330375195 398.57729401334
191 2 22 1 0 1 25 -12.2623976484108 409.835528380652
192 7 93 1 0 1 17.5 19.8139581961821 439.210378918884
193 13 34 1 0 1 10 20.6451916419973 464.587038774174
194 12 119 1 0 1 25 0.760291834711901 451.416901716072
195 1 94 1 0 2 22.5 19.618777768683 415.476935487763
196 17 92 1 0 2 25 -2.4474919367161 343.339255219768
197 9 112 1 0 2 12.5 36.0802380457379 378.14724584261
198 13 51 1 0 2 17.5 13.1658305508126 416.292955992913
199 4 89 1 0 1 25 1.36674005330821 447.725555475751
200 2 52 1 0 1 15 1.2182433898579 428.517917375265
201 15 79 1 0 1 20 -31.7794691545558 385.607286846502
202 15 39 1 0 2 17.5 1.2615471242789 380.19056881957
203 15 120 1 0 1 20 1.2337526029704 401.981252297667
204 13 65 1 0 1 12.5 -10.5052499499077 427.90525859577
205 4 80 1 0 1 25 -15.7353195699536 424.937984799923
206 16 32 1 0 2 17.5 3.84179569740442 375.697218110408
207 17 76 1 0 2 20 -1.90958388794779 410.959822345506
208 17 38 1 0 2 20 8.88265438142698 400.739067502694
209 16 70 1 0 1 10 1.95504490709793 465.404591846611
210 11 91 1 0 1 22.5 10.5354139882061 481.360071200393
211 13 96 1 0 1 25 -22.3791750604125 400.409197214743
212 16 59 1 0 1 12.5 -5.00006971065774 390.546737520141
213 9 90 1 0 2 17.5 2.5810534976841 386.464712234697
214 19 28 1 0 2 22.5 -1.08955964576973 357.586034830429
215 2 103 1 0 1 15 0.55056796714443 440.150526696069
216 15 23 1 0 2 12.5 -11.1763383561653 373.350133030692
217 14 72 1 0 2 10 -7.22561626071687 369.191532649189
218 20 33 1 0 2 22.5 -24.0323606583033 360.640481142084
219 3 49 1 0 1 20 -16.4006638791118 411.2839017717
220 11 83 1 0 1 10 0.716480916612015 448.588390844264
221 18 52 2 0 1 12.5 7.28501497040098 450.59873075978
222 4 202 2 0 1 17.5 -0.522847120295467 413.280134478553
223 3 166 2 0 2 12.5 -16.7557289106362 370.158045369033
224 139 213 2 0 2 25 23.7424752659665 395.857206915631
225 210 23 2 0 1 20 14.2670555459396 472.513825055848
226 12 80 2 0 1 25 22.0226002767129 441.133902546451
227 6 76 2 0 2 25 22.9765369044875 434.323475167913
228 4 93 2 0 1 12.5 3.84870824669394 445.658157489933
229 11 62 2 0 2 17.5 13.8245531169381 389.250619011759
230 20 165 2 0 2 12.5 18.1946749750885 379.657280749257
231 9 22 2 0 2 12.5 -2.99673307095635 407.200045658145
232 14 104 2 0 2 22.5 -15.2300512971243 369.060691062447
233 16 58 2 0 2 15 15.6240715247744 423.624000335593
234 19 60 2 0 2 22.5 13.1030408377161 408.76585252301
235 17 94 2 0 2 10 -17.2490355628243 377.07140312563
236 8 95 2 0 1 25 -6.47748146238377 453.722754142907
237 2 70 2 0 1 17.5 -5.15558712785997 463.164101540821
238 156 90 2 0 1 17.5 16.7475431912244 474.348730185435
239 19 100 2 0 1 17.5 -9.0993996688911 472.473453078666
240 4 113 2 0 1 20 -6.38462113826002 429.333889497076
241 15 141 2 0 2 22.5 -15.8898497211886 309.41482463846
242 139 67 2 0 1 20 27.6332131746347 497.454523105399
243 9 61 2 0 2 12.5 -2.67910368190241 380.888580134012
244 10 54 2 0 2 10 -6.79264105016618 410.540340257767
245 4 99 2 0 1 22.5 -23.8466140810484 456.783394368595
246 134 174 2 0 1 22.5 24.3613265059327 466.447130302565
247 6 50 2 0 1 25 2.4134080193802 471.224124662163
248 16 114 2 0 2 15 -21.4077633410517 387.225972922853
249 5 89 2 0 1 15 3.21960230681657 423.125742300289
250 10 111 2 0 2 20 22.6148073311435 397.664905759057
251 134 82 2 0 2 25 -8.31846964634628 381.315233878037
252 12 35 2 0 2 20 12.0164828278028 403.537018472528
253 20 112 2 0 2 10 32.6152188566345 400.901296300709
254 13 65 2 0 1 22.5 21.4649487067053 487.814851829462
255 14 137 2 0 1 17.5 4.32854921634797 435.915916681205
256 20 30 2 0 2 15 -23.454215352341 329.395943831135
257 15 55 2 0 2 25 -1.98875058021594 355.508328043341
258 210 103 2 0 2 12.5 5.8381643548005 394.242232552794
259 16 87 2 0 2 15 10.8064988677059 388.249256055434
260 209 45 2 0 1 15 12.0388992231491 448.542825731134
261 9 43 2 0 2 17.5 14.8617826858643 412.398465863819
262 6 28 2 0 1 25 -0.679474991024565 472.835749878399
263 210 34 2 0 1 25 8.88711411068526 461.510905059762
264 15 188 2 0 2 22.5 -21.9609904785817 378.615791871962
265 15 51 2 0 2 17.5 6.87767923109519 383.193105854545
266 5 56 2 0 1 12.5 25.0735551511136 471.058787066303
267 16 40 2 0 2 15 10.1347087625784 451.279481717853
268 16 36 2 0 1 12.5 12.0601952363544 436.428698964477
269 16 119 2 0 1 12.5 -4.46443133581639 406.144238882472
270 12 107 2 0 2 22.5 0.949480708404479 378.368717209101
271 17 110 2 0 1 25 4.5831535385455 429.364843002972
272 16 41 2 0 1 22.5 -6.61794056554717 407.095475156674
273 14 135 2 0 2 22.5 20.1144803945275 460.789235801082
274 209 151 2 0 1 25 12.8859122271698 463.222898243211
275 14 207 2 0 1 20 -17.9977753164382 445.54984309134
276 3 140 2 0 1 12.5 5.56910892091782 419.976895861505
277 11 116 2 0 1 25 21.9106277765913 445.706044483887
278 19 25 2 0 1 20 -6.71725017028084 433.949280199299
279 12 32 2 0 1 25 7.79243675362105 404.767207958988
280 17 81 2 0 1 22.5 -13.8019050807777 471.059032976636
281 9 63 2 0 1 10 8.46062813401007 437.236822476213
282 139 142 2 0 2 15 0.969094608787145 357.728122003992
283 134 105 2 0 2 22.5 -0.547490542844164 386.324740715826
284 8 47 2 0 1 10 -9.26384702155374 439.209500416966
285 17 33 2 0 1 20 -28.806515541057 426.94985035572
286 16 128 2 0 1 15 -11.192936951905 414.927617810581
287 12 74 2 0 1 15 -0.0407757723890061 413.338429695538
288 9 69 2 0 2 10 20.078593568429 444.288381456021
289 1 170 2 0 1 22.5 40.0526615673422 455.116888210046
290 12 38 2 0 1 12.5 3.25603633514794 455.925044227305
291 13 161 2 0 1 22.5 -4.84715102381795 427.659599607087
292 12 129 2 0 2 17.5 4.71488206647424 399.304929932568
293 18 73 2 0 1 12.5 0.106607362233365 420.097385924576
294 210 64 2 0 2 15 19.3056535942332 413.20047458272
295 7 49 2 0 1 25 2.25110492638421 451.133678587785
296 11 115 2 0 2 17.5 13.1124093932515 396.541487510613
297 16 72 2 0 1 22.5 4.77255301690331 449.568918755142
298 13 173 2 0 2 17.5 24.7204577400976 344.174356750781
299 139 29 2 0 2 15 13.5061226758401 406.119624922489
300 13 146 2 0 1 20 9.71606610564392 429.073595940652
301 8 167 2 0 2 22.5 -13.5018706629523 381.651388661693
302 14 75 2 0 2 22.5 -30.1405421125953 402.536426260847
303 7 195 2 0 1 25 7.12203388503629 452.574573501846
304 16 177 2 0 1 17.5 13.5056211814238 428.932741731037
305 17 68 2 0 2 12.5 -9.13716629262548 393.300155039799
306 20 117 2 0 1 25 17.785724159171 417.991313501294
307 3 66 2 0 1 17.5 -11.732733192095 431.396650376786
308 11 108 2 0 2 12.5 10.7976190685744 379.861727870804
309 20 86 2 0 2 22.5 19.353878876592 409.546154811173
310 9 27 2 0 1 10 -16.2835316104249 435.618515257068
311 11 198 2 0 2 17.5 25.6838271251702 389.097561734733
312 209 42 2 0 2 25 12.3020373552849 415.54080428134
313 156 102 2 0 1 17.5 19.1565483206669 463.553999014449
314 20 48 2 0 2 25 9.60112007880863 371.551902587865
315 8 186 2 0 1 15 -1.15408435946423 420.949698593261
316 17 88 2 0 2 25 -34.4169116370799 365.596450259606
317 8 31 2 0 2 22.5 -16.8007756713007 363.552683143467
318 14 109 2 0 1 22.5 2.88633674584008 430.870228606007
319 5 208 2 0 1 17.5 11.6177843617148 434.326723253649
320 16 120 2 0 2 25 14.6684904351918 431.223404354793
321 3 79 2 0 2 17.5 8.66633069350481 439.290072651827
322 5 101 2 0 2 10 12.1848754017482 433.267984142804
323 9 78 2 0 2 25 5.80573704877647 428.422100694941
324 15 84 2 0 2 25 -12.1370915031114 389.046605356948
325 14 98 2 0 2 10 -28.8506524650492 325.550741445699
326 134 118 2 0 1 22.5 8.71431994762895 425.139416660422
327 16 92 2 0 1 17.5 -24.3384286640414 452.662304300145
328 7 158 2 0 2 25 14.4121298101894 423.826420953409
329 3 46 2 0 1 22.5 13.3645929671994 441.532662593556
330 3 71 2 0 1 15 -4.53003685788245 392.415212173945
331 14 97 2 0 1 17.5 2.55591264932331 416.039538618262
332 17 37 2 0 1 12.5 14.4426759658972 419.259705511792
333 10 83 2 0 1 20 19.0508644437354 464.321053435317
334 7 198 3 0 2 10 9.13398678745501 416.165481776682
335 1 207 3 0 1 15 28.0764998191768 454.212724991156
336 5 74 3 0 2 22.5 -3.62312933088584 381.015032194292
337 20 49 3 0 2 12.5 -18.5477864099926 373.155043789652
338 12 302 3 0 2 22.5 -7.86103617726884 398.205735137003
339 134 137 3 0 1 15 40.7010980614219 489.548539025253
340 15 41 3 0 1 22.5 -10.5419115542135 419.263688704134
341 17 165 3 0 2 15 15.0108669577091 369.182077937837
342 2 177 3 0 1 17.5 17.9797717194633 448.877399804681
343 8 109 3 0 2 10 -12.4136965378843 347.226004186076
344 156 48 3 0 1 22.5 -9.39405312285473 422.186579276767
345 15 151 3 0 1 25 7.70197369183801 452.358670405147
346 242 47 3 0 2 15 35.2085986329207 408.595850054022
347 239 62 3 0 2 17.5 -0.385123372914421 410.799577088292
348 156 72 3 0 2 12.5 3.03574688235877 361.336870320308
349 4 94 3 0 2 22.5 -8.8893247827113 327.281746827061
350 225 92 3 0 1 20 -7.49904438144289 380.746944393461
351 12 146 3 0 2 10 4.86920467891041 386.42475720676
352 17 294 3 0 1 12.5 1.21863167437701 425.894767563973
353 254 111 3 0 1 25 10.311235103709 458.168907941759
354 254 321 3 0 1 15 11.1664617706734 444.134912421098
355 239 231 3 0 2 10 -9.07553748628196 391.822150786393
356 17 119 3 0 2 12.5 -21.243694985824 370.621569472584
357 9 267 3 0 1 17.5 9.69619146071228 426.419851080706
358 3 22 3 0 1 25 13.4159999788313 470.46787303486
359 209 32 3 0 2 10 27.2035895239138 413.146026620139
360 2 76 3 0 2 20 -9.36872670989153 422.481284182877
361 10 113 3 0 1 15 -22.9959027898085 403.124652227655
362 17 28 3 0 1 22.5 0.85318053481148 425.140287276643
363 5 101 3 0 1 10 7.27371065677479 447.340956383774
364 10 323 3 0 2 10 12.592886612329 371.717325157214
365 6 244 3 0 2 15 17.4218400268453 424.285996938439
366 239 224 3 0 1 17.5 -2.18367481236858 449.390138145843
367 13 166 3 0 1 10 -1.10659675014827 471.449812356986
368 7 54 3 0 1 17.5 34.8956508455566 481.291165524325
369 254 90 3 0 1 20 10.1244872298336 461.317359131417
370 6 84 3 0 2 10 -6.23438405949899 349.642180377627
371 18 68 3 0 1 22.5 -16.97464792096 364.827362719254
372 210 296 3 0 1 20 11.9212593530199 398.967802405355
373 13 33 3 0.125 2 10 -19.0699121395067 388.853333467501
374 262 328 3 0 1 12.5 19.5076943614507 403.609278398324
375 2 82 3 0 1 10 7.25938067284117 433.16146404353
376 134 63 3 0 2 17.5 31.652401917822 393.511800600561
377 262 93 3 0 1 10 3.15010809661378 430.899208464285
378 16 186 3 0 1 10 -6.12205483192596 450.066065964744
379 254 309 3 0 1 10 6.07143568525776 415.026265941563
380 9 288 3 0 2 25 9.60883673020895 439.645977661795
381 1 158 3 0.25 2 15 16.7241041479416 320.292520460892
382 16 208 3 0 2 10 3.75448676223379 393.464308752316
383 10 252 3 0 2 20 9.63423485380259 377.446634234567
384 8 37 3 0 1 20 -3.35091584049511 430.619366628308
385 210 75 3 0 2 25 -11.5487091456249 399.737641816785
386 254 202 3 0 2 15 20.0281432337579 379.689496624745
387 8 35 3 0 2 10 18.9836568780713 401.812886179507
388 1 65 3 0 1 12.5 5.9952609632815 445.103561884707
389 209 161 3 0 1 10 -9.28102788515355 412.862268327436
390 10 99 3 0 1 25 -18.8102927252924 444.176744724966
391 9 253 3 0 1 17.5 36.6650149331372 420.946555689853
392 139 112 3 0 2 22.5 35.0205109500896 398.006595352239
393 16 233 3 0 1 25 10.4105465431884 411.321585368535
394 156 56 3 0.25 1 22.5 13.3501382679876 498.165913178643
395 15 117 3 0 2 17.5 2.96787478276344 414.920141493113
396 5 61 3 0 2 10 21.3493637568076 403.891899314732
397 238 234 3 0 1 15 13.8861150863165 441.235822138149
398 3 227 3 0 2 12.5 20.8629011042406 397.090632266452
399 7 188 3 0 2 25 21.1446759784257 375.525561391773
400 17 79 3 0 1 15 -2.3897114994872 430.168479423518
401 262 97 3 0 1 15 8.18686175834412 450.512540052503
402 254 195 3 0 1 22.5 14.1213740214898 472.526661359431
403 254 320 3 0 2 15 16.2419271914794 403.91374764202
404 209 174 3 0 2 15 -2.97743216299107 377.982694697514
405 209 292 3 0 1 12.5 9.25448721208307 434.421092850597
406 225 102 3 0 2 22.5 6.40424287528321 395.512626404178
407 238 95 3 0 2 15 25.719980358136 376.891401171156
408 17 81 3 0 1 25 -14.373804777425 434.352685182526
409 4 36 3 0 1 20 19.389394704269 470.720270922351
410 7 129 3 0 1 15 30.1002865678209 494.328571361532
411 9 30 3 0 2 12.5 14.4185447504482 344.376940851994
412 210 34 3 0 1 25 15.6584283201385 471.328704441604
413 16 312 3 0 2 12.5 6.0308680439846 397.525224485524
414 238 261 3 0.125 2 17.5 7.99320831034958 430.04583631079
415 139 322 3 0 1 17.5 9.88541833517408 435.483049937574
416 9 88 3 0 2 12.5 6.8514945239506 343.731490845009
417 12 40 3 0 2 25 6.77031276227673 403.623683254641
418 210 83 3 0 1 17.5 -12.4724134221453 410.496057467974
419 8 67 3 0 2 10 0.755992864552784 384.168572648714
420 156 120 3 0 2 20 29.2694915025565 401.517960365353
421 262 141 3 0 2 17.5 15.7831472635732 377.710058915717
422 3 140 3 0 2 25 13.2235975447814 392.1748975683
423 12 66 3 0 1 22.5 0.674777206929823 432.774912653308
424 239 104 3 0 1 17.5 -13.2571395367414 409.586347020619
425 18 250 3 0 2 15 -2.07491434372542 390.418945933734
426 1 273 3 0 2 10 20.452653880631 427.180490447116
427 13 64 3 0 2 17.5 -15.8007300693335 349.252665010774
428 14 173 3 0 2 22.5 1.62624868781552 364.417269535179
429 209 128 3 0 1 20 8.27899457106608 421.774035618195
430 225 406 4 0 2 10 33.7672348791401 376.691907851192
431 134 88 4 0.25 1 22.5 -9.09264278303973 443.462815408108
432 262 320 4 0 2 12.5 -4.05384031646921 352.464826265505
433 339 151 4 0 2 12.5 21.1328755004498 394.784143898807
434 8 414 4 0.0625 1 22.5 4.33690948698097 420.625351378819
435 16 146 4 0 1 22.5 19.1915768799865 440.771589098842
436 12 403 4 0 1 15 11.3802505143753 491.887653551754
437 5 102 4 0 2 17.5 16.8091064870251 405.284113298956
438 4 208 4 0 1 20 14.2001769990849 425.111418544822
439 4 101 4 0 1 20 3.06339154882327 450.834032967919
440 368 140 4 0 1 17.5 37.596150244183 465.253044599652
441 238 113 4 0 1 12.5 -24.3388567928136 386.513768359073
442 225 68 4 0 1 17.5 16.6861357894361 470.827858849841
443 394 417 4 0 2 12.5 9.54278024649632 364.831137307729
444 238 312 4 0 2 10 11.0118964255032 394.717554367075
445 5 83 4 0 2 25 13.2859370182963 424.279773621559
446 17 195 4 0 1 25 21.2989843216914 465.63042070357
447 18 321 4 0 2 17.5 15.8184522085636 409.560873496584
448 20 97 4 0 1 17.5 3.17321332341433 421.914347434329
449 134 66 4 0 1 25 20.6784393201101 441.360898726992
450 10 22 4 0 2 20 -9.08057087650072 345.074976814151
451 13 227 4 0 1 10 0.380506656338321 402.838784438906
452 134 92 4 0 2 15 -7.5282783732126 383.218681581961
453 368 347 4 0 2 20 12.8022634528335 409.821638654121
454 7 426 4 0 1 17.5 23.1822765657393 451.037287082122
455 17 346 4 0 1 15 13.9843356749418 406.538382875471
456 5 90 4 0 2 10 14.1935540703055 416.978880288247
457 239 202 4 0 1 10 -12.1706306909812 382.278884505378
458 14 233 4 0 2 22.5 7.3270970518899 397.4930505504
459 239 34 4 0 2 12.5 -12.8755447549872 392.617340818298
460 11 250 4 0 2 12.5 31.8153073545775 370.25591507393
461 242 95 4 0 1 12.5 18.8770730767133 442.818900536691
462 3 309 4 0 2 20 2.75739951183102 430.055489476708
463 18 62 4 0 2 15 7.17468984708192 348.421280007901
464 20 398 4 0 1 10 5.72085403920748 441.630743876753
465 16 84 4 0 2 15 -1.11970238577021 393.855363919221
466 239 294 4 0 1 25 -3.45900639542098 442.998347692296
467 7 28 4 0 2 22.5 31.1371254834513 442.531833660961
468 209 61 4 0 2 17.5 -3.71651625049592 350.034268361193
469 254 174 4 0 2 15 16.5927880922763 402.001764673255
470 16 207 4 0 1 25 -20.2810083841241 457.613411610543
471 262 94 4 0 1 22.5 6.94185127388113 404.956898620974
472 368 129 4 0 2 12.5 35.3971428042243 383.940376303723
473 12 413 4 0 2 22.5 12.0162241126263 397.786053156537
474 5 141 4 0 2 25 7.49120419885912 374.722262182381
475 15 32 4 0 1 12.5 -1.06165135893563 464.278453139149
476 17 36 4 0 2 12.5 14.3818444868325 413.199845988368
477 394 37 4 0 2 22.5 10.6373577810025 376.312219752411
478 262 63 4 0 2 20 16.3972805055073 397.639651149187
479 242 292 4 0 2 10 12.1888079344418 400.889181469878
480 139 273 4 0 1 15 30.7555385907097 444.256712073814
481 20 49 4 0 2 10 -42.1847048684675 298.5426995471
482 4 382 4 0 1 25 17.1141577550846 485.374032550909
483 239 252 4 0 2 12.5 -0.907499925977175 394.839999601177
484 13 177 4 0 2 22.5 12.0609659419697 424.845068632205
485 15 166 4 0 2 22.5 -17.9814688653733 376.697151224908
486 262 334 4 0 1 12.5 -4.92307311699019 420.092870285592
487 209 395 4 0 1 20 3.18023600885086 467.248661209468
488 262 322 4 0 1 15 -4.6691285184426 413.093716089621
489 4 81 4 0 2 20 17.8326094954837 402.308544807112
490 339 267 4 0 1 22.5 26.8925288954385 468.855187964353
491 402 380 4 0 1 12.5 5.84459565075244 418.067682564457
492 10 224 4 0 2 10 0.125900185140512 362.931114049137
493 134 67 4 0 2 17.5 -2.81518871515534 360.175133065944
494 410 56 4 0 2 17.5 5.75287355654359 395.787340772104
495 4 422 4 0 1 17.5 22.8609186193539 433.93111616705
496 6 253 4 0 2 15 14.8173475391671 373.376582050928
497 6 161 4 0 1 22.5 -4.80718320571495 443.30401680635
498 9 186 4 0 1 17.5 16.1027391643447 462.443686860551
499 14 188 4 0 2 10 8.67658615913723 391.07951347784
500 410 231 4 0 1 10 -11.2817703338832 441.75728322282
501 239 396 4 0 2 10 19.5564783857977 392.603082648446
502 262 420 4 0 2 20 27.0411845195955 455.250686479795
503 1 302 4 0.0625 2 15 18.2268351522239 445.9458463794
504 10 360 4 0 1 25 3.3829197971275 455.777047620585
505 16 328 4 0 1 15 3.74409357410554 439.303608798066
506 16 137 4 0 1 20 3.16732513440392 428.761851489312
507 2 387 4 0 1 10 17.8421047308332 464.948107307449
508 1 99 4 0 2 20 9.80867706575794 398.556438104766
509 14 376 4 0 1 10 2.44869647574652 439.65410071699
510 210 385 4 0 1 15 -20.5469077935135 457.150412298999
511 5 365 4 0.25 1 22.5 -5.66796557034252 447.417477830672
512 14 30 4 0 1 17.5 13.3875421614418 482.645696590432
513 3 198 4 0 2 20 7.91828654354885 405.017131893501
514 6 338 4 0 1 20 0.756473303024538 459.521370674088
515 156 422 5 0 2 17.5 14.7559120395278 393.710417695833
516 410 502 5 0 2 12.5 31.5553676795154 405.728810106204
517 239 489 5 0 2 10 0.854499556392621 343.48172085735
518 442 97 5 0 2 20 8.06080169354093 412.070772951486
519 254 32 5 0 2 17.5 27.8650898008704 420.782234066983
520 482 141 5 0 1 17.5 18.0855467178596 455.347909161047
521 368 49 5 0.03125 1 17.5 -3.4641743945774 393.106900147386
522 339 320 5 0 1 15 33.1675488565884 451.425520975609
523 239 503 5 0 1 12.5 21.0982904394044 442.917862680873
524 209 513 5 0 1 17.5 0.302499693469497 487.200397193459
525 134 84 5 0 2 22.5 -10.3387215989437 376.43249685864
526 482 198 5 0 2 17.5 11.6361120158385 376.484357869014
527 134 321 5 0 2 10 10.773554616724 377.379760184962
528 242 61 5 0 2 20 17.9992135766718 383.698983159853
529 238 437 5 0 2 20 -9.48455274543166 339.709630361488
530 238 483 5 0 1 12.5 16.4688947955313 436.52227158107
531 394 469 5 0 2 20 -7.11443906699899 394.110564842044
532 225 473 5 0.03125 1 20 4.55434468624512 447.534755191379
533 134 387 5 0 1 10 23.2448278079094 437.170036228444
534 482 22 5 0 1 10 3.46015694259156 412.723984877454
535 339 417 5 0 2 22.5 22.0216122862736 387.050498517772
536 210 456 5 0 2 15 7.16933332631659 364.967754775347
537 210 186 5 0 2 10 11.4664672809227 373.250106786659
538 242 250 5 0 1 20 40.7092647147889 475.362895092083
539 239 328 5 0 1 17.5 0.0102737361368215 448.304414277192
540 368 273 5 0 2 15 33.3808721744704 392.47566817218
541 368 294 5 0 2 25 31.163015078881 415.359214204823
542 262 445 5 0 2 17.5 2.62969009174425 340.453293606519
543 368 292 5 0 2 10 13.7082974877638 403.451722145661
544 482 365 5 0 2 20 10.275989542614 388.750270326501
545 368 453 5 0 1 15 32.7122148072728 465.303410634755
546 262 406 5 0.25 1 22.5 5.15736608959848 465.869663976138
547 394 382 5 0 1 10 2.1511440756979 433.489158429239
548 238 81 5 0 2 22.5 -9.12974459163652 353.863694454626
549 436 195 5 0 1 25 20.980310307371 503.494652132395
550 134 36 5 0 2 12.5 37.6968644188506 436.746823515094
551 262 224 5 0 2 17.5 23.5913445432332 419.235380904713
552 254 458 5 0 2 25 19.0694638457616 350.523597157309
553 339 267 5 0 1 22.5 42.1735859545858 509.558469590638
554 410 347 5 0 1 12.5 13.3699470588789 429.709261653901
555 139 252 5 0 2 25 13.1100264444046 418.388387072371
556 262 140 5 0 2 17.5 4.68559087866737 430.354826163413
557 512 227 5 0 1 20 15.2010202343942 440.505459752469
558 242 322 5 0 2 17.5 14.3633192858352 422.293203862828
559 339 508 5 0 2 25 10.045324397177 451.871470169151
560 262 494 5 0.0625 2 25 -12.5566430279502 373.643707508196
561 239 66 5 0 2 20 -26.0226087386442 375.033968057229
562 512 95 5 0 1 20 31.5266962018155 499.636671411197
563 238 233 5 0 2 15 0.329875307222208 356.205758746399
564 262 231 5 0 2 12.5 6.00739058927639 381.920073487945
565 512 334 5 0 2 20 15.6549987887289 407.634776804988
566 139 447 5 0 1 22.5 22.220890441168 442.524441955027
567 512 28 5 0 1 15 12.9425019905545 463.535139479203
568 209 413 5 0 2 12.5 5.09003885519732 368.256601826531
569 210 166 5 0.25 2 15 -5.81606650772374 377.143190625202
570 394 395 5 0 2 22.5 1.19010758338435 379.921814922895
571 210 63 5 0 1 25 2.24103007913124 483.496925190196
572 442 90 5 0 1 10 -14.546875992935 413.954773671102
573 254 113 5 0 2 25 -2.5625668816305 377.564001609486
574 482 34 5 0 1 12.5 -8.40967207017778 402.479838586016
575 209 137 5 0 2 10 11.3290726407813 395.360807883297
576 225 462 5 0 1 12.5 -2.9859188645215 400.541778775932
577 410 302 5 0 2 20 7.58174494684226 416.190442217045
578 242 312 5 0 2 10 6.72359468172141 363.644218329802
579 209 403 5 0 2 22.5 -0.606294491055568 420.166595066111
580 225 188 5 0.0625 1 25 -3.11776731313015 435.153697519038
581 242 360 5 0 1 15 7.78375996417495 451.675415479258
582 156 208 5 0 2 10 7.21788945475982 363.007933127039
583 225 202 5 0 2 22.5 -5.07461483042296 358.607523110899
584 394 99 5 0 2 20 -17.4970107487372 380.782845152215
585 512 420 5 0 2 15 16.1988377250406 377.987050368377
586 254 426 5 0 2 25 16.7209923372841 391.06134783134
587 410 396 5 0 2 12.5 13.5274754243163 401.009298000075
588 339 380 5 0 1 25 20.6072968433811 488.004000079665
589 238 478 5 0 2 25 4.95006067564043 345.810290147999
590 238 376 5 0.03125 2 15 35.5073991164786 407.818019482776
591 239 484 5 0 1 10 -2.61920183911161 439.215962370721
592 210 467 5 0 1 10 10.1671402951166 419.411818778852
593 442 414 5 0 1 20 8.29273029109661 472.485847736731
594 242 338 5 0 1 25 -2.96048223252822 421.568693976458
595 139 102 5 0 1 10 33.9113026467347 444.962600639327
596 225 385 5 0 1 17.5 5.35360483755412 470.992396551296
597 238 551 6 0.125 2 22.5 34.0463550388819 414.637652205371
598 549 543 6 0.0625 2 10 12.0877662843918 374.319064087396
599 442 453 6 0.03125 1 22.5 27.2217821633795 475.783969199522
600 242 231 6 0 2 10 13.1473773291735 394.356539046309
601 402 494 6 0 1 20 9.04183946928375 448.124518412151
602 553 437 6 0 2 17.5 38.6678071738776 433.919588833522
603 562 28 6 0.03125 1 10 26.9118888041961 452.452508963271
604 442 292 6 0 1 10 3.35137142547036 422.416661245289
605 442 250 6 0 2 25 12.4588128721203 439.980927687957
606 402 95 6 0 2 17.5 12.6491380510033 424.022299941432
607 512 32 6 0 1 17.5 26.7405710322847 469.190313895777
608 262 224 6 0 2 12.5 19.0867621758026 352.554845548829
609 410 586 6 0 2 10 40.9534670541992 398.729775176763
610 262 61 6 0 1 22.5 -13.2694505834692 466.793351948474
611 436 186 6 0 1 12.5 27.7901832710257 480.516883287586
612 553 406 6 0 2 20 9.96616470172737 382.634146563598
613 262 420 6 0 2 10 18.6040176106426 397.693025812875
614 262 347 6 0.0625 2 17.5 -15.8094505040041 381.349370315285
615 368 198 6 0 1 20 15.6191371738115 468.673769000238
616 442 462 6 0 2 17.5 14.8995001977592 404.465765111905
617 436 535 6 0 2 22.5 26.8967780701845 430.701206169301
618 549 575 6 0.0625 1 15 12.7743694272045 480.0447562955
619 410 208 6 0.0390625 1 15 20.1427767313095 465.367454281815
620 553 483 6 0 1 17.5 42.933811119065 483.807002258435
621 262 365 6 0 2 22.5 8.07789613813345 411.433192525409
622 254 102 6 0.125 2 22.5 15.4314812090858 378.946832611848
623 368 233 6 0 2 25 40.4447072854991 429.096124520717
624 225 515 6 0 1 25 14.2829039372927 442.832432419944
625 225 478 6 0.015625 2 22.5 18.0473175437719 389.148291271768
626 553 550 6 0 1 25 40.082871925938 480.289826729096
627 442 227 6 0.0625 1 12.5 23.310994775284 455.163119818616
628 239 590 6 0 1 12.5 13.0755540415224 420.177023067804
629 549 382 6 0 2 25 -5.01584439690779 405.43884827891
630 482 338 6 0.015625 2 10 -1.00716036423175 377.111291308366
631 368 252 6 0 1 12.5 14.9172970638733 428.137633300822
632 562 528 6 0 2 10 38.4318820401655 435.20333840213
633 368 320 6 0 1 10 24.3468913200767 460.028600592426
634 549 267 6 0 1 22.5 28.7825740640576 482.627106709125
635 394 469 6 0.015625 1 15 22.3002600396102 451.939977880623
636 262 541 6 0.03125 1 10 13.0914260254283 457.047126959415
637 239 140 6 0 2 20 9.94435960716328 424.220478177224
638 512 467 6 0 2 22.5 9.00368611771549 374.654869492933
639 339 413 6 0 1 25 39.7903472802 506.81382855971
640 239 556 6 0 1 10 9.33203762005888 490.94933857437
641 402 321 6 0 1 15 10.6889006882698 430.275761683858
642 368 456 6 0 1 10 29.5338900600137 442.549299959007
643 549 540 6 0 1 20 45.8286170686973 477.085904107227
644 549 502 6 0 2 10 10.2921756957375 406.89626909147
645 442 519 6 0.0078125 1 20 -3.01319303152973 425.34852523334
646 225 426 6 0 2 22.5 19.5832808436163 359.286723197892
647 394 417 6 0.015625 1 22.5 5.9592226958418 457.985838793234
648 436 113 6 0 1 17.5 -2.25075694366608 415.114607335574
649 549 516 6 0 1 20 16.3235819963082 465.443878579237
650 262 396 6 0.00390625 1 20 0.512766415397389 439.47341498714
651 562 559 6 0 1 17.5 15.8419289642221 423.92033730607
652 225 445 6 0 2 17.5 18.0874827139477 394.40260516612
653 553 489 6 0 1 12.5 46.5987669385641 492.432318191555
654 368 458 6 0 2 20 12.456475108186 410.604637553204
655 562 141 6 0 1 20 2.79985025208068 439.722408726154
656 394 503 6 0 2 22.5 29.3662581584313 419.549056285464
657 402 422 6 0 1 25 10.3219226841159 434.496396163595
658 262 294 6 0 1 17.5 -7.43922988312064 395.201954932127
659 436 22 6 0 2 20 7.92130445892509 402.806120921731
660 512 328 6 0 2 22.5 6.1744397442467 390.290739719147
661 394 99 6 0 1 20 -6.97008814222299 451.934015396547
662 410 414 6 0 2 12.5 6.18850089310859 375.298506972413
663 436 518 6 0 1 25 36.2373786517293 519.483106116643
664 339 508 6 0 2 17.5 25.71938351468 406.477922663553
665 225 544 6 0.0625 2 10 -0.191434428809082 377.395251541563
666 512 387 6 0 2 20 19.3196282585897 404.039480809818
667 225 34 6 0 2 17.5 -9.70843314105685 413.36706811361
668 394 302 6 0 2 25 4.13754869316267 366.072671308228
669 402 531 6 0 2 25 12.820063288065 425.259819581029
670 225 555 6 0.0625 2 22.5 1.12520895443736 367.041278283092
671 239 380 6 0 2 15 1.43543130828809 360.305046929868
672 562 166 6 0 1 15 2.86549650471337 418.721036173843
673 225 385 6 0.0625 1 12.5 -0.770439465087519 485.676539325202
674 549 565 6 0.125 1 12.5 20.7614351379253 473.674202471758
675 512 473 6 0.00390625 1 15 2.86940538381231 442.776741066695
676 402 587 6 0 1 12.5 15.6817462211029 454.246283621314
677 225 513 6 0 2 20 8.23695161427451 359.920069318705
678 553 579 6 0 2 20 34.225403618939 428.207279559376
679 262 577 6 0.046875 2 12.5 12.7865556342292 398.446212895242
680 442 489 7 0 2 12.5 -3.32731877330756 392.230274616312
681 512 478 7 0 1 20 19.8610572158972 441.539062695476
682 368 140 7 0 1 12.5 24.7089137991361 484.159808146426
683 549 469 7 0 1 20 34.3177289206761 472.17997509615
684 512 519 7 0.03125 1 22.5 4.73906894752116 444.705656882497
685 639 32 7 0 1 12.5 5.79291485305245 419.708325209208
686 663 587 7 0 2 15 27.2436738705231 437.134561573376
687 549 531 7 0 1 15 0.535977446297037 443.243547198749
688 442 483 7 0.015625 2 15 11.0266570520211 392.458351850842
689 640 605 7 0 1 15 -3.92352929301837 435.639470486318
690 394 541 7 0.00390625 1 15 23.2404643312601 448.207951328127
691 562 518 7 0 2 15 10.2171032778068 409.72054121452
692 339 590 7 0 1 25 25.8994121303078 448.290787112718
693 368 528 7 0.0625 1 12.5 44.3873583748024 474.852550457039
694 653 166 7 0 2 15 39.458387582701 441.833229226738
695 549 445 7 0 2 15 19.872600187034 366.833946539787
696 653 267 7 0 1 25 11.1447991341026 420.717111340992
697 442 656 7 0.125 1 10 20.7044277265325 444.390345650064
698 639 644 7 0 2 12.5 18.3238338023106 398.190137555418
699 553 508 7 0.0126953125 1 17.5 16.0444907756574 485.964053044148
700 402 540 7 0.03125 2 20 13.5550380158916 403.482966145278
701 482 654 7 0 2 12.5 14.3842626347693 371.494708458973
702 442 550 7 0.015625 2 15 38.9375464160638 425.08049848206
703 562 659 7 0 1 12.5 15.8371461755142 460.096630793164
704 653 602 7 0 1 15 43.5418200497122 455.898331290883
705 640 632 7 0.1328125 1 25 31.0590846751342 498.747309087327
706 553 320 7 0 2 15 36.5682173189562 404.072947284629
707 653 551 7 0.0625 1 12.5 36.8845136260181 505.203557365182
708 512 666 7 0 1 25 28.0671334670594 436.189054119401
709 553 422 7 0.25 1 20 18.7438735980927 500.527393006032
710 339 34 7 0 1 15 16.4498491597682 461.87542729311
711 442 414 7 0 1 12.5 31.9089386939812 457.327913140042
712 442 516 7 0 1 22.5 22.9826879451064 444.541654179758
713 410 616 7 0 2 22.5 -6.54040471235234 365.399940996835
714 562 623 7 0.03125 2 10 45.5589419625627 430.512180200894
715 402 565 7 0 1 12.5 20.9688927847192 434.346820914496
716 482 678 7 0.015625 1 22.5 40.8226042785473 485.153916214145
717 394 292 7 0.0390625 1 10 1.07849389198083 398.863891194069
718 394 559 7 0 2 22.5 26.7245572836846 433.360382323207
719 553 515 7 0 1 15 48.737301349629 433.323043629726
720 436 544 7 0 1 17.5 29.0404970391705 446.009136884709
721 663 577 7 0.0078125 2 22.5 29.5442951133475 369.183785659516
722 394 629 7 0 2 17.5 13.8413500281634 363.278605961535
723 639 617 7 0 1 10 48.0672342609869 438.529010510844
724 639 437 7 0.072265625 1 10 12.8885661919612 428.914158065931
725 663 664 7 0.03125 1 15 35.8158335870261 454.600936285372
726 640 250 7 0 2 22.5 2.97964846861178 398.388363469233
727 368 637 7 0 2 22.5 22.8294132318591 424.21557646433
728 402 396 7 0 2 25 23.1710961298456 382.312069370012
729 368 543 7 0 1 15 30.6007242626901 481.165122983334
730 436 417 7 0.25 2 15 12.9557832732858 386.279511021266
731 442 426 7 0.125 1 22.5 24.6052966928884 458.853660163291
732 640 556 7 0.0078125 2 17.5 14.7888668036308 423.073954322882
733 394 621 7 0.25 2 22.5 -16.3347852943969 380.092841261402
734 410 382 7 0.0625 1 20 7.33000270727625 410.056825685767
735 442 252 7 0 1 25 17.3144141411185 446.543800081647
736 402 494 7 0 2 20 -8.60445545690803 389.318335673167
737 549 420 7 0 2 22.5 23.7469636994139 440.501373230477
738 653 667 7 0.015625 1 22.5 -0.351702794416905 453.850006242435
739 436 586 7 0 2 12.5 16.5147186020324 421.050524478342
740 549 227 7 0.0625 2 20 12.4132008676343 424.054893068611
741 339 669 7 0 2 22.5 25.2216233564846 382.934352263172
742 436 458 7 0.015625 2 10 15.5814953741208 424.097870099828
743 663 387 7 0.015625 2 17.5 35.0367369854726 447.221544260061
744 549 575 7 0 2 12.5 30.6011892636852 390.567336367539
745 482 606 7 0.0390625 1 20 6.41614577087019 477.286093825565
746 663 365 7 0 1 17.5 19.8228012873534 414.459381770549
747 339 535 7 0 2 22.5 23.0905002425044 387.30800283059
748 553 597 7 0.25 1 20 39.2225731282589 487.937593921656
749 653 691 8 0 2 15 35.6567045563967 412.85006706955
750 562 426 8 0 2 20 21.8957362505322 415.971771145686
751 562 694 8 0.03125 1 25 17.2857325863526 489.427025508955
752 549 742 8 0.03125 2 15 30.4400209061421 421.639458756417
753 442 382 8 0.12890625 1 15 5.63034116218419 474.939423769117
754 748 528 8 0 2 10 27.8395540689305 406.194962334595
755 482 550 8 0.0078125 1 17.5 26.9251852002195 485.380347097585
756 442 494 8 0 2 10 10.7254184339337 385.04986357123
757 553 740 8 0 2 20 22.8686440208422 422.29084190295
758 709 637 8 0.01171875 2 22.5 14.6027720459057 424.801740772332
759 663 743 8 0.0625 2 12.5 32.6404749051236 388.009796603772
760 709 606 8 0.25 2 20 28.8502706715617 413.030825133404
761 482 518 8 0.00390625 2 22.5 17.6876901626648 405.934591183583
762 748 659 8 0 2 17.5 39.7643311493144 394.740898724598
763 639 469 8 0.0048828125 2 10 22.8715191065688 406.987070003743
764 748 292 8 0 2 20 18.576737437242 385.192661519092
765 482 387 8 0 2 15 24.9151895432978 434.055683084353
766 442 706 8 0 1 17.5 25.7111492868547 446.179589151039
767 639 541 8 0 1 12.5 19.1194401132495 419.807680393317
768 640 320 8 0 1 12.5 30.6357835598472 437.435793030226
769 553 732 8 0 1 17.5 21.0971092920324 458.20240546864
770 663 654 8 0 2 12.5 9.25162758674593 333.016741929907
771 562 587 8 0.00390625 1 17.5 24.5156530662648 454.519072342181
772 639 417 8 0 1 25 0.778939752820943 416.335357576093
773 707 702 8 0 2 25 32.2119196127295 388.945240254497
774 553 483 8 0.0078125 2 25 37.7971901001097 461.297408399363
775 709 737 8 0 1 10 20.4151244840227 437.528640868943
776 748 667 8 0.005859375 1 22.5 12.8336471734141 476.945824363667
777 748 590 8 0 1 22.5 55.2257415174813 506.567758511881
778 640 623 8 0.0859375 2 22.5 26.3225533323644 406.129379543319
779 709 664 8 0 1 20 24.6024489246179 495.886586681288
780 549 669 8 0.0703125 2 20 4.4590486649853 372.195074869319
781 553 565 8 0.0859375 1 22.5 27.9063697761523 486.417053596191
782 442 250 8 0 2 17.5 14.6403929217358 409.734029122216
783 640 422 8 0 2 25 13.1382052751871 443.461740076137
784 707 714 8 0.0625 1 17.5 43.9004367931698 515.980831481804
785 553 396 8 0.00390625 1 15 24.8813415000844 457.237521026256
786 640 616 8 0.03125 1 15 3.44323460838673 442.947706952042
787 663 700 8 0.00390625 1 25 6.51785445642142 421.792453150507
788 549 535 8 0.0166015625 1 12.5 14.0113621250353 462.421257677281
789 748 516 8 0.046875 1 10 28.3256493376032 460.114976019906
790 442 519 8 0.029296875 1 22.5 27.8039842415455 506.651672531412
791 436 575 8 0 2 10 9.01312472969623 364.801431176218
792 482 531 8 0.015625 1 20 17.699141469388 467.888389122784
793 549 602 8 0 2 17.5 37.9951689117221 423.768076448872
794 562 540 8 0.01171875 1 22.5 6.50209126335684 449.039757436456
795 442 458 8 0.03125 1 22.5 9.69773416686367 453.962198412727
796 705 739 8 0 1 20 19.0608824318045 479.506111153069
797 748 544 8 0.005859375 2 12.5 39.2183779462362 387.732209122203
798 553 617 8 0.0234375 1 20 32.3339803744162 484.823856066005
799 436 478 8 0.0859375 1 22.5 24.8824718637654 461.874564084879
800 640 34 8 0 1 15 7.05150638643186 432.918763783444
801 553 551 8 0 2 22.5 35.5014031890576 435.21064529955
802 707 644 8 0 1 25 47.2055986000682 439.552050045717
803 549 559 8 0.0390625 2 12.5 13.6725343153473 371.174752458307
804 639 686 8 0.046875 1 12.5 18.6585833697136 415.148652615823
805 707 629 8 0.0126953125 1 25 34.4704274314019 462.369812435251
806 663 718 8 0.01171875 1 12.5 38.4513246369416 489.640548220753
807 709 726 8 0 1 22.5 19.8749307131524 460.293739651176
808 512 666 8 0.015625 2 17.5 17.4339320646651 411.668119974282
809 639 656 8 0.25 1 20 37.9343993828208 499.215307258307
810 709 623 9 0.015625 1 15 44.4327895513688 500.620847179575
811 707 782 9 0.015625 1 22.5 34.6824675702349 453.07049379752
812 748 478 9 0 1 20 49.4040446103905 481.436207158173
813 553 550 9 0.0390625 2 17.5 43.7273311433546 437.806446141563
814 790 387 9 0.0625 1 15 22.1806388430399 426.906963494239
815 639 667 9 0 2 20 16.090802207603 364.105229025935
816 639 726 9 0 2 17.5 25.9947740971124 395.836175281526
817 777 801 9 0 2 15 47.2648011486838 424.705692131152
818 640 528 9 0.11328125 1 12.5 29.6176050531493 477.344631972129
819 639 752 9 0 2 25 33.1066231051085 432.201574428729
820 653 749 9 0.02734375 1 17.5 52.4562702283287 519.254008744818
821 790 666 9 0.25 2 20 19.867459624385 408.179874629552
822 549 483 9 0 2 15 -10.5142285051436 393.925271236181
823 707 559 9 0.03125 1 17.5 23.0475087133249 471.231051103531
824 653 750 9 0.03515625 1 22.5 34.0089298611109 429.688083277082
825 640 606 9 0.0078125 1 17.5 25.5748946985132 481.816563414615
826 709 757 9 0 2 12.5 15.5283773339255 343.69514271022
827 705 494 9 0.1279296875 2 20 13.7001953533203 387.721398322704
828 705 250 9 0 1 15 34.1575918511222 469.5333961378
829 640 656 9 0 2 22.5 14.9934933929317 429.971328964143
830 709 763 9 0.0078125 1 17.5 12.4864885232425 385.012411253889
831 663 426 9 0.041015625 1 15 22.8161148952076 448.730705083101
832 705 616 9 0.001953125 1 12.5 41.7174353836228 442.143018919034
833 663 691 9 0.001953125 2 12.5 16.7554320461464 404.486488168138
834 653 587 9 0.125 2 10 28.2906415055726 397.158545406924
835 790 760 9 0.0078125 2 15 30.3468365132787 436.51955608517
836 748 617 9 0.017578125 2 22.5 44.5235619790289 424.121514163201
837 549 694 9 0.0439453125 1 12.5 34.0814643616129 448.469615543408
838 777 565 9 0.005859375 2 17.5 45.8556923964796 445.806335084914
839 784 793 9 0.0009765625 2 15 45.5897566112555 433.513430211673
840 663 740 9 0.021484375 2 20 32.2900277723735 413.387358828915
841 639 292 9 0.0625 1 12.5 8.20015568137312 471.779183979597
842 653 743 9 0 1 20 44.7334594837705 467.314754821602
843 748 783 9 0.001953125 1 20 38.905731297654 453.771785072917
844 748 516 9 0.009765625 1 17.5 32.0909964845483 459.566205133687
845 784 629 9 0.029296875 2 12.5 25.7800040388011 415.346663814325
846 639 758 9 0.0146484375 1 12.5 45.6249151560998 481.747612146058
847 784 535 9 0.041015625 2 20 39.259119279326 452.325623194543
848 748 808 9 0.01953125 1 25 14.7904384493121 452.490924705466
849 777 739 9 0 2 10 37.0615004995681 459.292872966313
850 640 602 9 0.00537109375 1 17.5 29.8572290129095 474.526343927782
851 705 519 9 0 2 20 32.6545755755685 446.190932862848
852 663 700 9 0.00390625 2 25 27.9283455645947 432.442096338485
853 653 551 9 0.0166015625 1 15 41.6561809665938 486.192074806381
854 653 718 9 0 2 10 27.4481347220078 375.284535453771
855 790 714 9 0.03515625 2 20 30.5760658777748 420.555507380235
856 709 706 9 0 2 22.5 17.0920131777106 397.453770987421
857 562 774 9 0.140625 1 10 44.3267570225312 468.147000888651
858 562 590 9 0 1 15 34.9530596821045 476.747630689249
859 784 765 9 0 1 20 27.9036063978787 491.119665247752
860 653 531 9 0.013671875 2 17.5 12.2840481839676 384.676304780237
861 820 849 10 0 1 17.5 50.2214577670152 467.125401012944
862 705 758 10 0.02984619140625 2 12.5 25.3749513351576 407.377585913928
863 709 819 10 0.0546875 1 25 36.0602793511557 498.03537189675
864 748 765 10 0.046875 1 22.5 33.6371823457216 447.653161810026
865 820 839 10 0.0078125 1 22.5 50.0903061913887 461.71914528374
866 820 774 10 0.083251953125 1 12.5 39.3812717595483 500.471679872489
867 663 590 10 0.09375 1 25 38.4826114543503 484.493675014959
868 707 851 10 0 2 20 44.9678892231493 448.791800707835
869 705 528 10 0.013671875 1 25 23.4511527897147 477.978867789168
870 653 478 10 0.125 1 22.5 34.2381892017756 434.056726126638
871 784 629 10 0 2 10 20.6188044392434 380.631397287195
872 709 565 10 0.0146484375 2 25 15.5601087806053 371.703840824638
873 653 387 10 0 1 10 10.7902237372897 408.828727811167
874 810 750 10 0 2 25 42.4438151648985 429.631177256044
875 707 718 10 0.005859375 1 17.5 33.2392976056929 488.686948151214
876 784 763 10 0.025390625 1 12.5 26.1121199563023 446.647856512573
877 653 852 10 0.02099609375 2 20 38.1966910915865 418.39112132333
878 653 835 10 0.00390625 1 15 38.8773365965951 423.492018353461
879 777 782 10 0.0322265625 1 12.5 44.8646125079383 469.850160154381
880 790 838 10 0 2 22.5 42.8466802392363 391.935652431069
881 705 752 10 0.00439453125 2 15 39.8100315471609 407.247632416067
882 784 836 10 0.0048828125 1 20 40.1234083207027 464.875596601181
883 663 808 10 0.0419921875 2 25 34.4424493403653 379.117660600929
884 784 623 10 0 2 25 27.8894188294311 416.620966901307
885 777 726 10 0.12890625 1 17.5 34.4788167107563 491.186505151465
886 748 606 10 0.0107421875 1 22.5 31.8875103907109 461.797661034296
887 639 602 10 0.005859375 1 20 65.3244607331353 511.823903588432
888 784 667 10 0.09765625 1 15 26.4789943071065 470.863305255883
889 640 757 10 0 1 20 14.1173515618505 420.861304956323
890 639 793 10 0.0078125 1 12.5 61.8135548467239 449.283236614713
891 705 494 10 0.0615234375 1 22.5 16.2475731922286 479.812854154813
892 663 801 10 0 2 17.5 35.5093066387465 376.746044700161
893 709 691 10 0.005859375 1 15 0.0394187204039032 404.213931284143
894 820 740 10 0.001953125 1 15 38.6213672870185 470.08558365238
895 663 694 10 0.00439453125 1 22.5 39.9839666825557 450.593401633413
896 705 760 10 0.001953125 1 12.5 24.701102566572 504.06551611402
897 653 855 10 0.0244140625 1 25 42.8470477919737 506.177198489222
898 709 847 10 0.00390625 1 15 34.2221759178959 493.812281598692
899 748 616 10 0.056640625 2 22.5 42.5494016167415 397.262342252909
900 784 559 10 0 2 20 26.8488039103407 401.669970317283
901 653 700 10 0.017578125 1 10 36.1306793557246 458.710839373068
902 709 829 10 0.00390625 1 12.5 13.6014791921781 456.988368624204
903 790 783 10 0.01953125 2 15 27.8224713827217 405.711223225968
904 639 743 10 0.005859375 1 17.5 38.8584179039645 471.756556862967
905 777 666 10 0.0048828125 1 22.5 47.4413973797281 522.829207983772
906 810 706 10 0 2 20 41.6980286481872 399.849325230938
